3
5 -5
4 3
-5 -2
10
2 4
-6 -4
-7 -5
7 3
8 9
5 0
1 3
-5 9
-9 -10
-10 7
50
-131 -10
164 -54
-177 168
-93 20
-91 121
193 -132
186 127
97 129
-28 -131
-50 -152
85 60
-196 -76
-20 192
-180 108
-134 78
73 8
-132 36
155 -36
76 -66
-144 186
-73 -151
-147 -87
176 150
-86 21
-109 137
142 176
-4 147
-101 -152
-190 -8
157 -123
-130 29
158 11
-63 112
175 -187
-81 -96
-129 119
-47 -76
-96 1
-53 18
-179 38
27 164
87 -177
183 -142
-56 193
124 -100
-58 194
-199 -100
77 12
-116 124
98 76
200
348 189
-20 216
-310 -46
-335 301
5 131
-368 13
203 270
120 -155
222 55
-272 308
-226 370
218 214
-256 -319
395 -163
140 -356
128 -158
233 -293
-342 323
62 -277
-21 222
9 11
-166 -188
-365 110
-188 12
-236 -60
-80 -307
307 365
375 56
-199 -131
100 330
111 -313
-364 169
166 -147
47 300
-326 -344
-90 -336
-377 -55
174 391
112 93
-314 -369
-59 -249
325 -397
-285 299
59 -83
-233 315
-154 33
157 -363
-198 -78
-109 249
-179 -280
60 -114
-216 -162
-14 113
-171 -302
361 -85
-271 -98
66 -347
-95 -64
107 119
253 29
33 254
-338 -210
292 -381
-133 338
23 89
-343 -317
130 398
-79 272
-135 -95
370 -174
220 254
-117 -360
308 -57
-23 -231
-339 385
-46 95
239 -229
285 -115
-210 -249
-178 -32
-5 -121
-194 281
-369 -117
152 -103
188 121
-122 8
48 -364
-297 180
362 320
165 -85
14 -242
-159 -347
43 31
399 -290
-257 -195
146 331
-157 -103
-173 -370
173 105
-207 303
-380 242
94 -277
-224 55
198 341
125 368
254 366
-249 136
-240 306
2 -341
266 -253
390 -292
45 -184
-262 373
76 -68
275 96
329 -276
-26 260
-66 -229
-44 -341
180 315
106 87
-195 266
-8 207
80 -388
110 69
-280 310
40 -387
282 271
-55 -88
-34 -372
36 95
289 370
267 -156
184 160
53 -281
74 -242
206 35
365 351
-161 -316
15 34
-303 -103
-36 26
382 400
-279 270
369 143
-287 -92
-98 -78
27 132
-165 -168
-234 170
340 -238
185 304
269 -377
143 -117
57 -5
-65 117
193 299
298 -136
-201 22
162 -332
330 -337
-10 -289
-50 -20
-302 116
-250 -363
279 90
341 -98
113 83
-323 -280
42 26
356 -173
204 -246
249 -35
-217 -33
103 -103
-151 253
-58 -126
134 -56
0 -225
115 325
235 -397
38 -344
-309 222
-221 -110
-45 282
187 -41
-111 -280
398 -14
-251 337
-205 16
61 84
145 -271
10 -256
-197 -156
304 241
-345 395
-183 390
-360 172
271 227
287 315
1000
-1918 -3706
-3494 4593
-3043 -782
-1275 4085
-2681 -1535
-2832 -2284
-4158 -1503
-46 3288
-4986 -849
4139 4327
-4002 -1946
-2017 -4688
461 -2499
688 4778
-1357 3444
-560 2804
-4184 947
2396 -2227
-3757 -2801
-3143 -359
664 105
2357 2586
4681 -1610
873 -4227
2541 1091
-3822 3539
-4777 -838
3852 684
1663 618
1540 -3616
140 -4020
4188 956
3006 2663
4808 4249
4862 -3335
-1110 1605
2849 -2675
-810 3608
715 -3859
-4540 -665
2232 -3362
-2127 2455
1879 -2197
-782 -1458
4500 -4243
1005 718
-3263 1272
-2248 4743
-1066 -2440
-4930 -126
304 39
-3522 -769
2364 1747
-1083 -1921
2889 -623
2414 1199
2095 -3635
-267 -1027
248 -4971
3594 -253
-4214 -401
-3456 -1397
-4130 -704
-576 -196
2935 -506
-4244 -1762
4533 -1686
2469 1897
-4940 -3614
-3946 4028
1842 4547
1306 -1064
-3010 -3962
3989 2238
-3933 2582
-1936 -2068
-2820 687
2614 -871
4983 -2962
-4989 3997
1532 -4232
-2766 2144
-918 -4218
119 221
328 -4912
1798 -3367
104 4867
-2329 -908
3184 -183
-3327 -3753
3828 -67
3013 1442
4062 4074
3480 4074
3070 1090
4842 -4696
-1767 2
-3914 3352
-3699 -667
603 1629
500 -1521
3262 -4397
-1654 -2989
-305 -3471
2907 2448
-1145 1735
-2620 -3133
-745 -3559
-4060 -1187
-3407 -4911
4903 -3566
-4607 -785
2515 -2442
-2434 3817
2970 4249
1524 -1531
-2273 -214
-927 1073
1797 4847
3681 783
2294 -2465
-1404 4674
481 2851
-2806 2501
-3337 -1213
2590 -2356
1301 4062
1859 -1185
-2302 4426
-1290 -4333
4753 -3687
215 -2521
1099 -4634
4632 -1026
-4787 3312
4757 3586
-3074 -569
3260 3486
-2719 -3468
986 23
319 -346
2668 -3381
-1285 -474
1514 1413
30 -3698
3159 -218
-2385 -547
2262 4793
-181 2972
-1233 1111
1283 -398
-303 4288
4034 -965
2774 -2607
567 -162
2417 -4115
4493 84
-1416 -714
-4312 -3824
-4301 719
-1443 4937
-3421 1173
-611 4920
2044 -4713
2891 -3111
1398 253
2571 -3906
-460 2683
1208 -1608
-4925 -3226
3231 3571
-1261 2723
-2992 422
4578 -1214
-2781 -1866
-198 -1202
-4615 4191
-1282 2430
-4444 -3392
4319 1955
1861 1889
4128 -2520
650 336
872 726
2110 -898
-704 -3073
-2097 4030
4250 -88
530 4906
4777 2749
-1960 -422
-3454 -496
-152 264
-3067 404
2952 -2669
-2642 891
-4702 -2435
3371 949
2901 -757
-3326 1089
4424 2049
3017 -2673
2157 3345
3318 -2314
4330 3094
-4566 -2631
-2328 -1940
1873 2520
4403 4886
-998 2354
-2784 2440
-1755 -1407
-4996 -2306
4542 3984
3016 -2706
1151 2440
4344 246
-4155 1500
-1409 4163
-4735 -1001
2256 -4301
1368 -3994
-162 -681
3526 -759
283 -1393
-3406 3578
-3954 918
-2829 -3950
3613 -3288
-3888 2707
86 2263
146 -571
-2491 2070
-2993 2179
1232 -1649
-3823 -1512
-949 3624
-506 3889
-979 -901
-1871 4305
2706 803
3961 4831
-3280 -3869
-4120 -3589
-1077 -3008
4119 4009
-4667 343
-484 -2158
-1508 1523
-4980 4724
-4047 -3803
-710 4
4821 4864
-29 -79
41 4180
-775 -2254
1061 -1815
-2424 3860
396 -465
-4729 4319
2606 -4532
4406 2939
1890 -1079
-4219 -4619
-3478 -3120
-3816 -2525
-1922 474
3558 -1023
337 -392
3898 -4623
-134 -799
-798 -4074
3466 2857
4786 -60
-1530 -3865
-742 -3925
-2318 -258
4015 -4349
3663 -4126
-2889 -3737
-2246 -1705
4849 -1625
-3033 185
1642 -1073
2224 -3078
-147 689
-4142 718
-4372 -672
2932 965
1483 -3307
-4294 1576
-2656 -4553
2450 -545
-2211 -3718
3830 2607
3194 3678
-4018 -3761
-59 -4957
-1818 -2339
-1029 -4595
-416 4903
1094 1521
1699 2801
-4152 710
-156 2331
2403 1629
-15 -4175
3155 -2566
280 -4056
-1283 188
3551 -2011
-1135 4533
-772 3807
-4345 2410
-2454 705
3895 3209
1686 1067
-271 -1615
-53 1657
4095 4791
66 2576
1420 -4949
3401 -426
-1436 -241
1597 2281
4948 148
-3652 -1188
759 1655
-1303 1414
144 2323
-2882 -962
531 4884
-4896 -4740
-1732 51
2996 -1559
921 -1939
-2905 -1581
-809 -4505
4072 2756
254 669
1115 1280
-3829 1575
197 947
-932 -4660
-1731 1186
457 3801
2148 1641
-4861 -4585
-3309 3135
-65 3691
-2726 2030
-2891 1466
3604 -3819
-779 -1142
2929 -3586
-3784 3745
3878 -2613
3335 -4535
494 -3397
2731 -4049
-3518 -122
2592 -3379
1373 -4639
-4166 -3693
4053 -812
4417 -2760
-3268 4099
-500 2032
-965 -2572
3446 252
-2749 3403
2639 3650
-1444 973
4115 4050
2577 1845
-3921 4059
-3277 4750
-3241 3096
-4889 -1328
-4519 -4758
2860 -4024
-1439 -4330
2702 -890
-3432 1148
4362 -1180
-450 2001
-1452 3106
-2027 -2338
3234 -3372
-4414 -4608
-3234 -2691
-4859 -396
-3517 -4748
3276 -1957
-3427 2215
-980 1214
2885 174
354 587
4284 1922
-3266 3646
-3180 2363
1725 368
1547 -4224
3031 859
-1516 3617
1251 250
-2996 1393
4854 -434
2724 4208
2609 -4624
1422 -2293
1590 -693
2881 -3057
-4028 2165
3865 -1215
1889 -3236
-2774 -308
2132 3773
468 1241
-369 3952
936 -4118
3354 1212
420 -3807
1453 -2080
-21 -1958
3306 -2140
1064 4278
-3897 1008
-859 2992
2772 1367
-1238 -97
139 4230
-3856 -4151
4261 2080
-2190 619
-3169 4683
2240 3330
-3046 -228
-3751 1934
3893 -4366
-4128 -43
4912 -3025
-4036 -947
-3955 4815
-4581 -193
-283 1638
115 1940
2487 454
99 -3625
-2848 -2724
-2462 -1017
-3042 -4144
-1609 -8
1707 719
-1996 600
1353 -1124
-3365 1265
851 -1322
-3604 2975
-1140 4288
-4390 3975
1228 4176
508 -3674
-4450 2660
-1398 -1912
-2279 1639
24 1112
-2291 -3270
-2091 713
2330 4263
4589 -4957
1606 1518
-1279 4081
571 3292
-3026 4431
2580 -2415
4485 -1193
-3240 -8
1212 -1610
-2349 -4108
1478 1451
3610 -3499
-1359 -3681
-1768 1550
2032 -3360
812 2700
-2237 -1504
296 1484
-224 630
-4703 -1566
3215 4782
2241 -3947
852 -469
522 4582
1502 -3000
1032 111
-420 4673
1430 3891
2302 -459
-3390 -1887
-1681 -627
2689 3615
-4144 -4736
4482 1711
894 -4142
-3777 187
-3282 4543
2320 2571
2152 -4426
920 -1816
1765 -4500
-1065 -1806
-4531 -3764
3814 -2921
429 -2868
1452 -1883
-3174 3388
-540 -3693
1177 -4646
-1756 3480
541 -37
3022 -1061
-2467 -2905
1781 -4237
-1252 -1221
26 -4488
358 3962
-214 828
-3724 -322
3986 1705
1811 1517
-4100 3637
983 361
-3978 -2841
-4362 -2666
-4692 4740
2353 -1080
-2087 212
-317 1661
3991 4710
3253 -651
4750 -1962
-3745 -3975
2716 -4760
3810 605
1757 4710
320 -2261
1149 2422
978 -3137
-2233 2695
277 -846
2434 -2371
4153 -4654
2841 -1165
3087 2910
-377 2418
-2742 451
-4545 -1487
2556 4250
-167 2444
934 -3411
2153 -2668
408 -1698
4754 -2536
1244 -1401
-3763 -2401
2753 4751
1307 1905
-3825 -853
-3181 4262
-2943 2521
1679 394
4987 -3394
3542 -181
4050 554
1408 2281
2886 -2106
-3339 3719
1437 3985
-2683 2675
-3417 -3851
2425 3970
4133 3600
-805 -2970
3941 1252
4552 1698
-2275 -319
990 -2289
2366 610
2530 2494
-3837 16
-226 -4873
2911 2515
3846 -653
2578 -3837
-1900 -4761
4209 -2477
-4797 -1596
-446 -4778
-4266 184
1920 -1541
-4057 -1012
1170 3309
4598 -222
802 -4240
4795 -3346
-4112 3784
4169 4734
-791 2825
-3025 2310
3065 1445
3913 2273
3969 -4806
-4324 -399
-4584 -3589
-4137 3416
-130 -3194
-2597 -2881
-3807 -2999
2976 1995
-1160 3849
4728 -272
2632 3897
2800 3595
-3692 864
40 -3701
-1863 87
-3506 -1187
-4234 -2011
1303 -2292
-3596 -2748
593 -1192
450 1786
1888 -1575
-141 -4273
456 -4016
-439 -2925
-1096 -2639
-3252 1291
3225 2867
2591 -3639
-2047 -4837
1254 -202
-1848 -2444
2506 -443
-192 -1902
4444 -4743
-4038 1331
-238 821
2058 2036
-3514 -1408
4099 1047
667 -918
3408 3495
-4628 2712
1361 2963
-4849 4315
3126 1405
191 -2643
-4960 -1224
1914 927
2953 1357
1185 3916
-2313 -2975
815 -4177
4061 2301
-584 3159
-573 -3839
-2760 -1087
4656 -1308
-3376 2096
-2267 -3224
2489 -3062
4260 -2321
-705 4300
1455 -3792
227 -592
3644 -2510
-598 -2591
-485 -4784
-689 -346
3597 3727
-1109 -1977
-4033 2211
1936 -3299
-4098 3561
3797 -286
-3585 1285
1652 -4326
-4957 -4054
-3947 1498
-3016 -2045
-4073 1386
1443 1521
2682 -4246
-3826 1278
-4441 1144
4301 -3474
-1646 2315
-693 335
875 -818
-4951 3369
-4878 -3411
4806 -3825
4166 -883
4613 -3850
2073 -4461
3615 -1485
2060 2375
348 4313
-1348 908
1535 -969
-3654 -2181
2002 2431
1669 3548
211 1791
-4864 16
4045 -4620
-3470 2284
-4726 -3776
-3122 3413
3599 2226
2725 -2749
-1867 -741
2361 -3354
544 -2391
3086 -2455
-4961 -246
-2377 -1614
-3656 -3333
-3598 1376
4919 -3324
2600 -3204
-4912 1199
-4899 3892
4529 -687
-771 1889
2038 -4465
1675 -2418
-1856 839
1206 -1817
-4408 3378
4513 -706
-3237 -4144
961 1609
-2588 2363
-2015 -1590
-4883 -4416
206 -4795
2862 1386
-4825 2390
1018 -1889
-4682 -4760
3950 1525
-497 -4380
981 -985
-86 3823
950 -3047
432 4442
-4606 3417
-2149 -4489
-4921 3057
-3205 2942
1410 1221
3532 -2154
36 -450
2036 1434
869 2064
-2042 -4629
2684 -4983
-614 -1324
3840 -4664
629 350
4778 1023
-1234 -2372
2613 -75
-1055 2285
-2544 -4646
-720 4621
1617 -3685
1054 -2515
3380 -4910
-2143 2142
-3814 2243
-3103 -4975
3658 3605
376 3435
707 -4780
-2859 -1681
145 -1095
-2732 183
-4477 1853
1171 -197
2552 -2213
2197 -316
1352 1655
-124 960
2064 1188
377 -1482
701 -3917
-182 2843
482 -3959
-2174 3209
-4869 94
-530 -3267
-1975 -3280
2615 -4424
586 890
260 -3063
-2455 -3888
-3855 2421
3151 3676
-807 1294
942 -4352
4812 -3358
-2189 708
1750 -2690
3484 -2951
4693 -3492
-1836 -4566
-725 3424
-1550 1820
-4385 675
-760 4845
-650 4512
1138 -3630
-3761 2029
-1988 -950
-2264 -2503
-2658 4486
886 -4000
2445 -631
-872 3216
878 3977
1601 4042
-4511 -4124
3544 -1061
3775 -4763
4614 -1985
-4918 42
-1395 2299
1412 -156
406 4425
4973 3143
-2000 -1607
3707 3886
-607 2231
-666 3522
446 -4789
3577 -1874
-4669 4066
-917 -2224
-3730 -1303
1870 -3648
4818 -3446
4730 1230
2477 136
1733 2450
-643 4733
4697 236
-3628 -970
-164 2898
-3977 651
1684 2639
3880 2954
-3665 1829
-4616 -3847
3383 -3808
3462 859
1328 194
-613 -3237
906 701
-4190 2459
2333 1130
-2140 -574
-541 4544
-1857 -582
3576 -521
-2675 -4962
1711 -3214
-3770 1251
2645 3638
-2477 -2968
-4600 3528
3341 2385
307 -4037
1821 1117
3422 -847
-2753 -4630
729 4018
-1457 383
-425 868
421 -2636
2654 1651
288 -3863
4489 1768
-4257 3908
-848 1051
4871 -4028
-2833 4371
126 493
4741 3714
-3322 615
2839 3486
711 -3618
-1132 -4714
3329 4289
-2350 983
2019 -3735
-1561 -2694
-1519 -2073
4074 -775
-4725 -2217
1356 -1479
-2847 -2440
-4907 -3107
-3727 -2150
3587 4113
-3664 376
662 4902
572 4392
1963 -2410
-3265 -4599
975 216
-593 1128
-4481 2320
-4568 -3127
-3819 2867
1474 -1666
-4573 1567
-4505 971
-3109 -3169
-3653 -457
3115 3088
-555 -1314
2479 -2514
2355 -4708
-2112 -1671
1588 3374
-4465 2107
1773 -2954
3981 2954
4914 1533
-3712 -4660
-1901 3673
-1881 -327
-356 1090
1505 2070
-4368 698
157 1156
4384 -1285
3643 2817
-993 -2391
-2776 -4406
-2939 -2240
3781 3834
-194 3840
1788 -281
372 4155
2827 -4664
-778 -1451
1426 -3195
-4382 3137
2503 776
4491 93
781 -424
171 -4159
-3156 30
4676 2729
-1131 1463
-1473 4241
1696 -4257
4869 -478
4151 3584
896 4769
-3637 1113
3264 3223
-4311 2044
2307 1939
-3032 3639
4038 837
101 -1357
1156 -2125
2398 1545
-3808 1548
128 3167
2395 -2073
-2356 -2061
2177 86
-4870 1519
-1438 -3306
3837 -2474
-1998 -4196
-3836 -2961
2720 2345
1761 -46
-4781 -3853
-2944 3696
2692 -672
1322 -1102
1000
-2506 -1283
2905 1217
2735 81
-3698 2865
-3400 690
4764 1241
3463 3600
3767 -2457
4405 -3990
662 3203
3355 -2578
-1843 3574
-352 213
3349 -1582
-4381 -330
2317 -1886
3387 221
-4591 1121
-4699 -2209
65 -2020
4560 -172
4222 3022
-1573 4067
-4436 -1090
-4924 2305
-1808 3431
4728 1349
3084 -625
-2360 1432
2794 -1740
-3899 1189
2453 -4433
-3591 3941
2767 -2211
-3269 -2169
1849 -3710
3738 1070
-4610 -1756
136 -2966
3233 1292
4339 -3576
-278 4066
3852 -1116
-1559 -3508
-4685 -2687
831 -2504
3502 -638
-858 -4011
-1698 -2013
-143 34
819 -3295
2403 635
3854 2794
3879 69
4828 2112
-3640 4166
3536 2161
3232 2388
-3955 -2249
4959 -2561
1143 1868
1014 723
-3771 -4845
1712 -469
-1857 -2353
-4357 -4960
-647 3047
675 -1794
840 633
4354 1746
-2256 -4287
911 -2642
2875 221
4746 3920
2972 -4218
-2563 193
2650 3452
-4085 3879
4686 2627
-511 -1093
-4726 1211
-1053 706
-743 -4299
4991 -3825
1334 4345
2921 -4844
-4943 -89
-2486 4011
-4869 -2740
4009 4183
-879 -3554
-625 -3229
-4024 1370
-3272 -4339
-1004 1217
-431 349
-2572 4595
-2867 2764
-4705 -2876
-4982 2708
-2453 4018
2864 -1317
7 -4622
-2306 139
-1283 -2219
400 2838
-773 4775
4609 1282
1144 -2584
1944 -3781
3633 -3488
2647 -2861
-3894 -4141
-4018 -2519
-938 -4000
-4812 1609
-3904 3053
-3630 1104
3431 143
-2679 -2853
2925 2721
-3937 -1770
3574 -3249
4513 797
-833 2535
3095 -2201
4047 1820
1018 -3769
2679 2000
-1288 -3260
4079 -20
4428 -3747
-1968 -3123
2357 -2459
2020 4678
-312 1023
3477 1830
-4668 2051
3581 -4077
-2153 -2253
3458 -2980
1626 3583
3840 -2357
4814 2598
-4279 -395
4338 -4122
4585 4845
-2869 -1305
-2200 -4433
1236 -4102
-3677 -2998
1922 4801
3832 2254
1851 2413
4256 -4224
-4841 2713
-1125 2864
1295 -2286
-4494 2187
-4689 -2694
-2130 -4272
-1816 -1467
-3349 1395
2228 -549
3041 -1537
349 4364
465 -1651
4164 376
-3319 2093
-2212 -4064
3948 -974
-3110 1022
1616 -1525
-712 1927
1861 3237
3734 -3877
-3230 -4616
2518 -4924
914 558
-1460 -2658
-78 -4917
691 164
459 3452
-2743 4326
4388 -2717
-1648 4116
106 1321
1216 -3279
-4126 -4497
4727 2735
4820 3461
3859 -3411
4924 2455
-3335 1917
-908 1284
4259 -4908
2447 1028
256 -1016
-521 3592
-1690 -1133
-4125 2741
-939 2060
140 -4724
4860 1014
-3141 4586
-1251 -2243
4125 -1314
-654 -4873
-3860 2090
2044 1311
-547 1302
1403 -3101
-1592 -2262
883 2888
-3671 -4729
-2167 -1717
3012 2973
-3579 -1849
3249 -3720
-4756 -3814
-3055 72
-1057 -2852
3758 4368
-2725 -4024
1458 4319
3367 -4090
1699 -231
-1112 -4893
2507 4771
4074 4916
-4958 -3094
-723 4133
4879 699
-1637 4206
3058 -1393
-3529 -3919
3679 1493
-1770 3515
861 505
-4431 -1603
903 3936
386 -2399
-1295 4274
-1213 -2710
-4878 -2140
-1716 -4836
845 2562
-4624 1802
-661 -1261
2087 -1525
2346 4637
-443 2103
1129 2787
617 -1932
-630 2265
1465 -4728
1201 -2071
-1047 -4016
-2798 2740
-1726 -2675
-3321 2638
-1432 3603
199 23
1484 -4384
3762 -351
-909 2186
-715 4727
3592 -4017
-439 -2038
4328 -2896
-687 528
34 3266
2591 3315
2085 -3057
-3282 4843
4581 1366
4524 858
-3612 1007
1474 -3771
-3266 -3356
3415 2098
3591 -3959
844 -1849
-997 171
-3223 -2554
2661 4368
-4239 -255
-3689 -2521
666 -3030
2829 -3688
-2459 -991
3104 -2966
-3893 -4447
816 -4224
-3406 -2261
6 597
2910 -3661
-9 -4234
-1214 -1270
-3788 626
4554 -1398
3105 219
573 3029
-3513 -520
-4581 -1238
4861 -2040
3850 2965
-6 -3965
4597 -3111
-3189 -3810
-372 1817
2866 -1384
4236 -1065
461 -1979
2666 1674
3647 2219
-4725 2830
-2562 848
1937 4
-4673 2356
3766 -3733
-3606 2615
-4690 2468
4730 4907
-4565 -3460
3358 3962
4758 3672
-2104 219
-2229 -3360
-3108 -3583
3860 -1754
-4675 -2624
4095 3342
2380 -4500
697 2224
-3233 3171
917 -2923
638 646
-3017 2152
2187 -842
-1707 1623
-802 -1950
294 3174
4348 3065
-4440 3673
565 -3036
-2873 738
-4695 -4415
1238 2082
2809 4085
252 -1274
-2760 -3032
4372 303
4120 2637
4461 -2588
338 -1341
1541 -3290
-3168 1968
-4147 -3355
-4636 -3587
-3603 929
-543 -397
-2255 -238
189 -4938
-3157 -924
-4775 3174
2802 -2535
-4859 3253
2768 -4661
1968 3308
-1170 -2694
-3034 -4629
-984 -123
3418 -130
2601 3782
2362 -4924
790 -3182
-320 3535
2660 -4053
4676 -4419
23 4901
3756 -2175
-2634 4976
-2844 -3788
4520 -855
-2492 -2436
595 1525
2441 -988
-2527 1121
-2206 -4087
1197 4663
-1189 -3045
3197 -2451
-2098 2873
-1870 2926
-3171 -3783
-2060 64
-2570 -1745
-813 -1972
3479 2775
593 153
378 -1967
4165 2851
-4768 -1963
4843 1430
-2301 -1347
3385 -3025
2281 -2634
-4074 -4589
-1625 -1801
-2926 1315
4342 583
-4352 -1472
3611 -4794
-2619 -797
359 2759
3316 602
609 3548
4719 1531
1056 -2583
-3738 520
471 3544
2886 2476
3955 4256
2254 -1592
-1467 -4594
-4198 -2126
989 -2471
2481 678
-2265 4863
-4040 4173
2621 4276
-225 -691
3902 -507
-4161 1037
2989 -1820
-3444 -461
-3277 4442
-2986 -4323
4776 -4654
165 -1692
-4248 967
1182 1741
3496 -259
-1502 -2690
-397 -542
-3518 -1697
-1267 2336
2612 -1287
-2093 4530
4750 -3025
-2291 -2616
1514 -567
-3175 4607
1189 -2321
4954 -2568
987 -4295
3399 -1753
3526 2974
-3638 -1330
1481 -1077
3052 -3708
-3741 1742
1084 245
1271 1913
3299 -4941
4297 -188
571 -2799
498 -2162
-120 451
271 -4133
2235 -252
193 760
-2279 -740
3862 162
4010 1421
4086 2061
3792 -3577
-1197 -124
1668 -3848
-3212 -33
-3789 -3916
-4143 2861
-636 1355
-4301 4245
-2116 970
-3810 -4881
-3204 1383
1958 597
-3278 1899
-4242 -4269
-1681 4844
3871 -2889
-3734 -2327
3066 2935
-1174 4854
-1020 1116
-2984 916
-1023 1381
-2729 -324
625 1234
-3276 1815
1353 -1480
-724 -1689
4117 998
-3712 4876
2808 -393
-4203 1679
2797 -2936
-4570 862
-3923 -744
715 57
-3549 3811
-4028 428
191 -678
-3818 -3106
-4444 -2094
4788 2988
2505 142
-2623 2701
-2781 -1335
3655 -4974
3273 4452
2784 2148
-3485 3215
-1990 -1329
-2530 4804
4807 -1079
3614 -3142
-4573 -117
1180 -3391
2856 2815
594 2643
1882 -822
-2215 4259
-3122 4
-2076 -3389
1109 -2725
-2859 -1107
4423 -264
-2893 -1489
3407 656
-1685 3214
-4344 -1993
-4929 -2838
2891 2330
-149 746
1224 -4556
-532 -1895
701 3332
-2637 3658
-586 1366
-4732 -4478
4720 -2590
494 -4779
2146 3680
-1268 1631
415 3126
-156 2150
-3867 994
4312 -4898
-1676 -838
1927 4548
686 -2527
-1269 -3614
-4196 1094
-4956 218
-1461 -3609
1820 -1742
-442 -2975
-2928 3291
4736 2487
2495 -421
-4427 26
4809 -24
-4733 2815
602 953
-4713 4333
1505 4541
2389 -4957
-4068 -792
-619 812
3917 4673
3308 3652
3238 803
509 -118
-4944 1397
4858 -3598
-789 1538
2355 577
870 1852
1669 -2625
1392 -942
-1503 2324
4345 2878
-785 1945
2896 -1869
2696 2282
-3218 2012
-1916 1091
-2958 4673
-2948 -1822
2148 -2012
-420 -3642
4527 -1986
3014 396
4866 -317
-340 4164
-3697 3875
2560 945
-3105 -3278
-2965 -1063
2115 3542
3155 -3305
-4022 2681
788 3993
-845 653
-246 -1995
-2012 -427
1431 2648
-185 2734
1886 571
1629 4860
3372 4744
-1204 4767
-91 -3010
4387 -858
-236 -3556
-2099 -4449
2283 1269
-3080 2571
3998 1735
1383 2677
4817 -606
4441 1702
-3957 2148
2640 4416
1891 -3565
-4740 -2121
-496 -4275
3100 -4654
-2831 -3999
-3024 -1316
4137 4259
-3969 -4724
-4392 -2049
2847 -4316
-4235 -771
3361 -4419
4703 3880
3362 -3176
1028 1001
-2682 -1003
3515 -2422
1876 -902
-1696 1055
-556 1552
2056 1421
-4764 1192
1758 -3733
2547 2366
298 393
3050 1063
-4300 2490
2723 -3519
2448 1084
-1694 -1525
-1837 624
2473 -3323
4282 427
775 -2415
-3519 -4781
-4785 4616
2719 -4549
807 -524
-2202 -1647
-2079 3096
4825 -2951
237 -3396
4539 -2041
-1915 1987
-4879 2470
-3460 -1716
-1906 4013
1040 -1546
519 -3185
2118 3079
-1887 2333
2695 -4169
2785 -420
1386 -3339
4013 4307
-4165 3837
-3644 1072
-3481 -3027
-4891 684
-4962 -3691
-1847 -3421
-407 2326
-3330 -4368
-4221 3268
-1474 2897
1347 2718
230 -959
4628 -907
3621 1014
754 3712
320 1589
3628 2755
-1261 -4854
-4193 -1152
830 -4155
-1497 -4172
1309 1253
-2461 3168
-480 2145
1064 -4134
-138 -3707
986 -510
-4497 -2782
-603 1902
3807 -1976
736 -2455
-1829 1543
2472 -4921
2388 -1293
4063 -3030
614 1451
3223 4233
-382 -2258
1377 -3240
-1946 -4327
1807 4519
1359 3389
-3263 -4244
291 -3378
-141 -2895
-832 3030
3648 -2282
4189 2114
4084 -803
780 2306
-1571 -3524
-4952 -4116
-1763 815
-1798 2370
1488 -4992
1888 -1074
3398 4704
-318 -233
-3674 4541
1872 1573
3650 1598
-4631 2838
-1289 2874
2167 -2205
-2929 -974
-4900 1579
1581 -3773
2464 4818
2042 -4335
-3248 154
2456 -3772
995 2262
-1165 -1055
-1166 -1437
-4458 -796
-2521 -746
-1844 4647
2049 227
-249 3228
-2115 -3669
4456 -4652
-3851 1497
-2908 4415
-3895 -1156
647 4640
73 -3417
-1066 -2854
2171 -1242
-2589 2713
4041 -109
-1955 -2804
616 -4907
3503 -4634
4401 -2534
-2224 3856
-2186 4
4829 -3856
3255 980
-1194 -1732
4206 -1270
-2884 1376
3567 -473
-912 2607
-4504 2134
-4119 2191
3306 -4538
2557 2706
-2072 -3588
1416 -929
-2195 -3087
-2314 -1287
-863 -2981
-4229 2943
1366 4977
-2249 3482
1352 -3683
-4998 -416
4732 -4116
-3225 3037
-2575 -4590
1822 1433
-668 4318
4611 2138
-3770 -1625
-3071 1446
-611 -2161
-1244 2140
-2600 -3814
4537 1488
-2295 4539
-2850 -1485
-4578 4
-2369 -1073
-4641 4395
-8 -309
3712 682
-4865 915
2467 2688
4695 -2066
-4473 -1550
-3847 -994
-364 -4311
-4507 3421
-4773 -2357
-3065 -3271
2648 -434
656 -859
97 2094
-1465 -4911
-2137 -1674
1850 771
-653 3064
-2236 -3187
752 -2542
827 2358
908 1980
-3637 -3377
2669 -3144
-4957 3975
578 -3022
-4297 -696
2624 2438
3445 -2280
-469 -1941
1385 -4263
-756 -4269
3802 2008
-1377 632
4467 -4472
-2011 1453
2508 431
3076 1255
3366 4198
-2745 933
3248 4879
-550 2771
-2402 3981
-4171 2566
2454 3293
3303 -3303
-4898 3183
4785 -195
-107 -4671
333 2882
1782 -1080
-609 937
-4826 -2244
134 404
1700 3468
-2584 1026
3346 1866
1925 705
4589 -621
-1003 3970
2155 179
4984 -1876
3347 1395
-2915 1208
-4686 1476
-2856 -4511
4233 3357
1972 2011
2904 -4534
-1964 1249
3411 1832
4351 336
-1385 -4983
-4207 3692
-4934 4027
-1130 4377
2045 -68
-1421 1470
-2323 -3359
-1781 900
-1791 -1470
336 -3741
-4460 -1761
-3274 -345
-4434 -4864
-3514 4918
1551 1181
-3987 3423
-128 -3921
3529 4821
-3466 573
-248 114
-1879 1078
-3144 799
3798 75
-3302 -1915
4684 3113
-655 -4777
-3649 1071
-122 -3082
2286 2444
-2086 -84
-1376 -1073
-583 4575
1086 -2055
4395 2620
-1188 -2282
3517 -3821
-4257 -3707
-736 -4573
4407 3609
-3271 -3164
758 2687
-167 -877
130 2747
4039 4833
-2247 -1545
2480 4880
3616 2076
-975 -2572
4794 1406
3097 4389
2585 4919
-4318 -2072
-4655 -3833
-2385 -1846
-918 4453
-4160 3916
-1425 2049
1662 -1308
2960 -4507
2147 2366
-4590 -374
3324 4027
-2219 -2652
-3546 -2426
4833 -4371
-3037 3497
-4453 -1276
-3576 -3028
-109 -961
1205 3973
-1509 2045
3967 3145
172 629
-3164 -1869
2201 -4938
-3425 2612
767 4899
2717 3548
-1675 -4751
-3878 -1843
-4122 -836
-3347 -2496
2888 -844
-524 -1143
4275 -4320
-1092 -1156
3804 -2125
-3011 -1025
4583 -96
3185 1783
-34 4760
-606 -3188
4658 -2890
-2641 -2440
2219 -684
1724 4951
1821 -389
186 -2625
4547 -540
-1944 -1545
4383 -2062
1330 -2550
1000
2993 912
2355 1177
-1227 -1601
937 3168
211 1673
-3644 571
-4266 -205
3131 4032
4111 934
-4940 931
-3377 246
3307 -3830
-4216 -2559
-375 -3754
1458 -2967
-1304 -550
4024 -3950
-3294 -2204
529 2643
-2958 -4261
394 -1601
2389 1128
3194 1599
159 3383
-2468 1299
-686 -845
-3456 -1301
1404 -1592
2219 -2893
-346 -1324
-860 4429
4206 -1837
-3442 -4089
2039 2087
3554 4081
2826 -1053
-2521 1294
-3846 -3249
-2108 2392
-3787 424
-1310 527
-4343 1314
-4696 3141
-4200 3602
-4753 454
-2723 -612
961 -3518
3630 2519
-1528 668
-395 -1896
-251 -1490
4804 4285
-3863 -2305
1676 -2650
4198 -3555
3956 -4067
2759 4260
4074 3559
2861 4322
91 -3784
-212 -3949
-1222 -1583
3571 2250
4086 -746
-4646 -87
2764 3485
-1781 3646
3848 -644
-2581 1602
1706 -3384
3047 1740
-1371 1884
999 -2298
442 -62
-2977 -3389
2234 2890
-2337 -3989
-3693 -2688
4340 -3529
2645 -4228
1384 409
-4665 4603
133 4183
38 2553
785 -2178
4563 -1124
-3206 1640
2658 3315
-2343 -4241
-3995 4891
3650 -253
-3020 4957
2059 -2602
-3573 -297
-1829 2811
-3810 -1494
3492 2403
-1232 -392
1034 -4369
3510 1281
541 3072
-3764 3414
790 3894
2808 4526
4653 3813
4416 3302
-1441 -2526
4337 -4383
-127 -4237
1399 4123
-1293 4224
1071 3554
-1169 -2896
4185 -1581
4464 805
-3510 -4301
-782 3360
-4329 -1896
2885 -4676
-3084 3380
4705 475
-3068 4042
2171 2884
4805 -1430
2006 -4464
-1683 -3208
4760 4388
-4655 -331
-2430 4531
3089 -2967
1414 -4343
-1188 -3290
4017 -517
-185 2981
886 1731
2439 591
-2794 4371
-368 4377
2255 515
-975 -740
1051 2342
1052 810
2007 4647
-431 -1580
-4697 3381
130 -4601
-1058 -3977
4459 4829
2755 1897
419 -3961
1267 -3871
-4585 -1479
1644 520
3861 -2305
-1060 991
4584 -2173
-1533 -3859
-717 -3448
-3134 4931
4390 -2740
-1352 -1668
-1717 -815
-761 -3963
-3919 -4264
-1845 3427
-3135 -350
-1973 3509
-4831 -3113
-2718 -891
3957 -3134
3015 -1497
-914 -2702
55 953
-2772 -3894
-4720 -3382
-1634 7
1029 2728
4192 -4733
4845 -3649
-3997 -2001
4778 -1053
2649 -2196
-2545 2818
770 817
-1994 806
3762 -3980
4309 -2153
-603 442
4879 2705
2627 -4842
-4599 -2929
165 1430
4800 435
2776 4644
1786 4858
-1279 2643
-1196 -3630
-3475 2338
-4734 3375
-1846 -649
-820 -3085
1451 -433
842 -4153
-4992 720
4631 2636
1958 -4969
4707 -1799
2540 -4416
4716 1394
-3694 1501
1251 28
222 -3867
1398 1748
3472 2743
122 -3375
-2906 -4620
-380 3545
1026 -4539
-4530 1034
2260 -3820
-252 -783
-2710 534
3498 4831
1118 3213
1224 2425
792 -1446
-1469 -3986
-313 4929
2762 -1842
3750 -1038
863 -4157
421 -4518
-4534 -3554
-4057 -2984
3559 4282
-725 -1693
-1501 1565
4920 -3004
2474 2116
-3713 -223
619 2079
3331 4150
3093 -1983
-4844 1933
-4106 -804
-4172 1315
-322 -2626
3840 1700
469 2399
981 4744
-3216 -4442
2387 -3297
-1367 -139
4898 -80
4638 517
-1922 2968
745 -3830
-2937 902
3104 -4604
887 -4924
-408 2794
2471 -4652
-4833 1310
3127 1715
-213 -892
4353 -4543
4785 4251
377 4422
846 3455
3468 -3410
-4296 -3391
-2994 -543
4963 2677
-1670 3512
3026 -1503
901 1152
-4788 -4313
-3662 2749
2259 3163
-2328 1611
3620 -2544
861 75
-3123 -3294
-391 -3577
-624 313
-1967 -2054
199 1118
3483 1240
-1206 -3188
-248 -2102
1388 -4348
-4871 1600
-2582 -2454
428 4677
-4292 3100
2367 -4594
-4444 -694
482 -1488
2092 -4910
-64 -3533
1482 4048
-587 -2241
-4923 -4963
786 908
-2064 -2826
2639 -856
4853 -4943
1690 280
4734 3478
-541 2100
3884 1094
-3594 -635
4606 3498
534 620
-3957 -2985
746 456
853 -3011
-4491 931
-2973 1295
-3162 1042
4548 4478
-4815 4401
4535 2954
759 -4654
1431 -3704
2447 315
2390 4932
-4242 3075
4508 1293
-227 -4450
4387 -4481
2085 1319
-1413 2594
-2751 1693
-1111 -913
-2266 -485
-357 -1002
-1085 -823
-3048 -4247
-476 4462
-2951 -1951
-224 -4482
-941 535
3593 -1434
-2094 -1635
-884 -1629
-37 -3800
4690 4630
3795 -3062
1322 -1238
2105 -4865
3277 -2174
-867 -1729
2004 2164
103 -2394
1626 3231
1734 -2520
3749 -4208
-642 -3001
-2136 3474
371 3906
-4248 1139
3535 -4375
4157 -143
466 2340
-8 -1257
-4835 -4797
2368 -726
-4147 72
-2496 2587
2552 -2668
3379 567
-4249 -1185
3645 -306
-2712 94
-1400 -880
-3767 -2866
-255 -4611
3070 -4789
2729 -1939
33 2894
-1735 -796
1142 -3289
4557 3074
1783 -1861
661 -666
471 118
-4021 2302
3934 4625
-3005 -2700
-282 1674
1420 2030
3809 -2756
2419 1878
-3982 3567
-1151 -2581
3152 -1595
-4508 -66
1544 2232
-4654 -1906
-2650 -3674
-3526 -2638
-4050 -1531
-338 1747
-3778 -2839
-1223 -4970
-595 -2726
2987 2939
4580 -4917
1505 857
1524 -3568
4355 -325
-163 4847
4609 -2541
3158 4956
553 -3414
-3719 2027
-1052 -1690
-3425 4689
-3865 -2203
-3151 991
-1094 1254
4345 -2029
271 3924
-1945 -2146
859 4579
-714 213
-746 -4799
1138 -59
-2339 -705
-104 3214
881 2256
1320 -4093
-3356 3974
-4404 -1141
-3230 -1476
4850 1755
4779 -4728
4726 1128
-4726 -2220
3983 1133
-1562 -1732
-3655 2692
-1530 3563
-2368 2210
-2143 3608
423 4818
1942 -2179
-4276 4666
-1476 -357
924 -548
-3603 1781
-275 -2798
-2092 1078
-18 -3110
-2789 4499
1238 -365
2190 4708
-1803 -4099
2996 2134
-4413 -1582
1951 3608
2319 3754
3273 -4809
-2768 -3204
914 3156
2328 2311
1015 -1869
4513 3923
4209 574
-3108 -3581
72 3130
2134 -1659
3916 -3591
321 1911
3543 1987
-3593 1572
594 4805
326 -1133
4997 2558
1742 910
1792 -931
-701 -2194
2200 -109
-2193 2488
-3457 -301
4986 2694
-1093 2119
-2887 -1099
3529 2434
-4189 2071
499 -1702
-1357 -3907
-1898 -4953
1039 -823
3684 -2220
-3835 1554
2929 465
-4562 1207
-3566 -676
-1306 -2023
-4898 -1320
-3251 -991
2911 -4595
-2625 4801
3556 2875
-1902 -1723
3968 2280
-1676 1085
-3544 -1914
3865 -2378
-4282 2872
4166 -3844
-921 -4401
480 3852
-345 582
-2469 1404
-4330 -591
893 -1279
4460 -552
-3405 -1363
3804 -3359
-4084 -1794
2726 -1549
1292 1590
2152 2010
4245 4620
2995 -275
3471 -1272
-3615 -2919
-4868 -2945
2569 -3523
-3286 -1539
198 -3826
3989 2872
-189 2792
-2923 2238
-4744 3369
-93 3488
-196 702
-3855 -1122
-3495 -4306
2606 -2109
-2225 3817
1025 -3578
-3627 2740
963 2650
3914 1030
522 -197
-100 1113
-2313 1977
-1649 -978
346 4337
-2491 -2118
-4138 3393
4663 -2993
-2730 -3832
-2299 -4046
138 1556
-4150 -3838
4057 -2777
3902 19
-4049 3894
-3952 2552
-225 2028
-1335 2462
-996 3095
-3516 -4572
-1690 4372
-1536 -2027
-3622 1813
220 158
2768 -4643
-2208 3618
-2402 -2072
-3081 -2421
2947 -2130
-3528 -4926
-3499 2327
2102 166
-661 2351
-2387 -2152
-2577 923
-2781 887
4975 -324
-2300 1273
-4088 -4533
2709 -216
-4837 -4693
2712 -1839
-2114 1737
2110 437
2890 3611
-2237 1070
-1224 2552
3255 4194
-2959 3404
2869 339
-709 3923
-3907 3070
195 -2994
4616 -2096
-1789 580
-2061 2176
-2684 -3873
-2388 -4794
4739 376
1276 -407
-994 609
-1213 4987
1476 1907
3391 424
-2754 -1240
-654 -1661
-3171 4541
1424 -3556
-1477 -708
-2699 2813
-12 -1733
2446 2601
-448 2184
-945 -3094
-3223 3061
2516 1643
4126 70
-1451 2516
-4507 1874
-2646 -161
-3708 -817
459 3795
627 -4940
-1913 4007
2874 116
325 -2139
4462 -2229
-3460 -987
-3967 1674
1999 -1111
-266 593
-4469 -61
-4338 160
-1467 -2765
-1888 888
2074 -596
-4930 -1389
-1801 1777
-1328 2365
783 -2376
-2520 -2813
485 -1979
-42 3105
2034 2070
-222 111
-4041 -4409
-4297 -2431
530 -2555
3808 4063
-320 -3080
-50 -2168
2403 1100
1444 -3320
-2124 -3806
4045 4738
-1182 -2396
-3076 -4619
625 2961
4565 -1263
31 -657
4928 2069
1013 -4370
-846 3446
-3317 3834
-3556 2713
-3334 3847
-4473 2767
-3539 -4350
2504 1358
-667 -4493
2818 -3964
4547 2383
-3275 780
-2276 2738
2489 -1559
-4642 -3357
-3114 -1880
-3445 -591
-4168 -700
-1745 -356
-433 -139
-1511 2107
512 -4007
-2421 -3718
-3040 -2875
4744 2813
2782 -3532
-329 -3416
-4716 -1762
25 -3279
-119 2990
-159 2516
-2602 674
-3185 654
-3604 2462
-4486 -114
-432 2105
3029 4537
-4607 -3933
-2260 -4864
4959 -3400
-2317 -371
-1815 -954
3946 4289
1846 -1173
2279 -3314
-2579 4677
3439 315
1409 4836
-2224 1924
800 3424
107 -2243
2535 -786
-1628 4007
281 2191
4143 1318
3792 -2096
-2975 -1945
-2657 -126
877 4622
1560 3298
-4623 1078
-1388 1786
1992 2468
-1291 -2209
891 4896
548 -1575
-891 4999
-2569 -4531
2189 -2348
1787 2059
1635 3813
-4887 -337
4784 -2543
4537 660
-1843 2175
36 -1466
-669 3648
-4680 -3678
2194 108
-887 -1916
1082 -4261
2588 -4809
-4263 -4982
-3261 2927
-1251 3526
-15 -4617
3417 1178
46 3200
4714 661
-62 -1051
2484 3246
4701 3883
4569 2973
69 -240
-3943 -3849
500 4724
-3658 2316
4743 -1919
1321 -430
-2315 -2615
-46 -3898
3563 -3922
-4620 3276
1740 1398
-2776 -3267
2450 -4214
4979 2150
4669 -4375
123 -262
1465 2259
1968 -1957
1982 3310
-2531 1680
-2627 154
4065 3406
2335 3706
4484 3795
3060 2302
192 -3638
4035 -2359
-2851 -4908
-4130 -2104
-3204 2072
3713 4340
-670 680
-2618 -2610
68 -2259
-3728 2537
4421 -276
-1230 4564
-1871 -2817
4348 -2388
-4023 2407
-4007 1169
3769 -3894
3811 -4083
-107 153
2831 -1395
-508 -1761
-4636 1875
629 432
-952 -4886
-2297 3897
-4244 832
-3921 -4897
4524 -1864
2510 -4484
4305 1278
3275 -21
4953 -1833
-4869 3862
2851 -377
-2900 4294
-3503 3809
-274 -2809
1788 4853
-2695 4492
1402 -4094
-757 925
-958 -3248
2520 -574
4110 -4779
-302 3463
200 730
-2292 1410
-409 -4442
-3968 2771
1579 657
1588 4185
-1064 336
2321 3647
2342 -2558
-3523 941
1868 -4414
1162 -2356
4049 -2560
3374 -3244
3850 -2035
-1606 -4040
-3186 -675
-3940 -3552
-2163 2648
-3289 2853
-2017 1114
-4652 -3618
-240 2690
-1176 1238
-291 -4309
2903 -4130
-1664 1952
4787 -1762
1832 -741
-801 3646
3584 4847
2038 4644
2291 -916
4886 -3648
-3723 -4767
-1186 1037
4002 2638
-2726 -1289
4409 -3744
-419 -1177
3208 3971
1611 4073
-2792 -1557
-1668 1407
-1833 -2006
2333 -3716
-2362 4706
-2762 -3993
-1210 -1798
-1561 67
-1565 2253
-2818 -2564
969 536
1147 1456
-4722 1078
-4223 2969
150 -936
-2510 4561
-4529 657
-2445 3883
1941 193
3588 -4743
-1541 -3204
4602 1894
-4873 -3216
-4591 1097
2320 2635
-2448 190
4442 -1090
-3733 -3703
-3122 2496
362 -632
2057 1912
-3897 4612
794 4124
883 -619
4381 -1839
3917 -1081
-3109 85
-4699 -2700
-2740 3700
4936 892
-32 -4545
4802 1235
-3247 -2242
-190 3194
3205 -3134
105 4308
3431 2360
2437 3891
-3401 1353
-2191 1557
950 -300
-2279 1251
3080 1060
1030 3015
-3049 -2924
4549 -2169
3312 -2620
589 -1879
-4427 -1207
1066 1757
-1899 2543
4813 -2390
-319 388
216 -4370
-3833 2937
2961 4247
75 69
3340 2027
2145 2888
4858 1535
-4732 1526
-4682 1800
3678 -502
3188 -3599
1818 -4234
-1792 3401
3726 4366
2316 2065
1031 3408
-2926 2378
-67 -2191
4299 251
-4313 4055
3623 4016
3589 1520
4782 3649
4098 2015
-1076 -1616
1494 4294
632 219
3660 -974
-1638 1130
4566 4394
616 -2281
2850 -4452
1607 2148
1879 2294
2281 2707
-519 904
1722 -851
-1498 2582
-2203 -2401
676 2801
2062 -2831
2094 -2307
2799 -3171
-959 2364
-4918 -4849
-4795 2768
3378 2084
62 659
-210 -4379
-2359 -2410
-230 1143
-3750 3647
4821 1926
1447 1882
-4826 -381
-4346 3642
-2470 3453
-3451 1571
816 -1149
1227 1978
81 2511
-406 -4115
4117 -4538
1000
-2414 -3243
-869 3435
3979 382
2081 3799
-2693 -394
1760 -1440
-4696 2414
-1720 -2166
866 -170
4405 -2240
4760 1710
-4184 -160
-779 1641
3298 3815
3605 2415
-4644 -3810
-4750 -513
4626 4230
-4053 2785
4107 -666
-2609 1945
2894 -2305
-642 -3826
1608 -3698
1004 1012
142 1842
-2279 2037
-3319 1942
-244 4979
1836 -1639
2393 3271
630 3723
-1164 1334
2952 -216
-881 3137
-4804 2589
82 3090
-3638 -4482
-4658 2970
-2100 2425
-1019 4121
-734 2781
1157 947
802 -4087
926 -1284
353 -603
-3014 -4018
-1881 1901
2317 -2851
-2237 -2486
-4714 -2041
-4898 1447
-3951 -3536
3044 -3609
4434 -2978
3817 -507
-3858 -1918
-1648 2300
-4892 4154
4292 1034
-2131 -356
-4570 934
1705 -1450
-1086 100
1778 1677
2614 2064
4637 2716
-411 -4315
-4742 -1288
-1845 -4230
734 -1950
263 1877
2212 4695
255 2320
3848 625
-1647 -2204
-3653 -138
4809 3052
4491 -1278
-1848 1269
-4601 -4235
-589 -4965
4561 -4921
-3201 -4103
-1209 1033
-3332 4525
4084 3010
2480 1295
2704 -2266
-307 2631
3359 4125
-4574 4706
-1014 -3687
3837 -444
36 -3012
-4176 1514
-1168 1314
2628 -529
1393 4427
369 -3738
1538 3116
-4213 621
2204 4346
-2006 987
-2920 3766
-1383 -3483
2890 122
-2698 -2045
1435 -3862
2511 -2451
-795 4414
4063 4116
1806 2769
-1413 -1801
3274 -4966
-539 -188
4229 1327
-3489 1432
673 -494
-1503 3832
-1729 2114
-3573 -2760
-1686 -1271
195 -4172
946 -2295
-1623 -3771
-1803 -1481
-4655 -4998
-3713 11
-720 4562
45 4821
452 352
2226 1963
-2138 -2102
-2453 1360
-2192 819
-1527 -764
3059 1788
4044 -668
2616 -10
3116 -2929
1219 -3688
1669 2643
-2607 2957
-2347 2753
3597 3777
2573 127
-872 -202
-2911 1991
3776 -363
-1650 -2338
-3466 2902
1898 -4329
768 2021
3 -538
-1911 -1882
1534 -4614
509 -719
3030 3981
-1684 -3239
1733 -3088
-4462 384
3118 745
-4818 -4793
-2265 -4964
923 2164
-2302 2457
66 -4325
3128 -3088
2696 -791
1375 -3137
3406 -1013
-2751 -7
3268 -4722
-1027 -3416
-2960 -4294
-425 -1343
1090 -2307
4402 2351
-1021 -1784
3466 4902
-4621 -2757
2358 1524
-2082 1564
3437 -3308
-3149 890
-1445 -4744
-4045 1883
249 4223
2162 -4700
-3115 -4720
-2915 2540
-1063 3176
-4768 -1662
1605 290
1554 71
191 3013
3393 -1373
-464 -2611
-3731 -949
160 -1880
-3981 3715
-1624 -3026
1676 4704
-2724 -1163
-4997 240
196 -2911
-2221 4133
-3657 -910
-1450 4027
4380 -4897
176 -430
4195 -1432
3197 -190
957 -4456
4940 -3884
-1336 -4041
-4091 3119
-988 2586
2822 1288
-2499 3905
-3472 2698
-2928 -693
1830 -506
4477 -3542
-1480 3856
-2359 3697
-1574 -3165
-2736 -2299
1645 4301
-1754 1585
-4584 2989
3623 -2595
1108 -2366
4991 8
3923 -2509
-9 -3471
-3733 2063
1915 3098
-3444 1391
4556 1156
247 -1725
-148 4752
111 3195
-1469 -3245
3574 2856
4419 3991
845 3041
-3605 -1969
-4325 -2536
3039 -4324
1034 -1970
-2795 2302
-3829 -4802
1478 -1193
1590 2112
4963 -2085
-4613 893
-1255 498
166 2276
3332 -1260
132 3830
-1191 -2945
1870 1283
86 3624
3747 -1876
-4622 859
2233 -2417
-1840 3405
-1139 4638
-1710 -4550
1750 -1748
-556 2137
4145 3189
-1287 389
1543 -2956
4129 -2247
-4127 -984
-192 3823
-3623 -4028
3525 -3798
2062 -2592
-2435 -4779
-3109 1426
4860 181
2955 2688
4512 -2602
903 4735
-3335 4616
124 3209
-2262 331
-4039 -1388
4348 1849
-1487 -3197
2821 -2963
-1994 -2004
-4060 -4933
1484 -415
-4712 3375
-3990 -3774
-365 3966
4993 -854
-2558 895
-1119 -892
510 -4917
-1605 3249
414 -644
-2061 840
-2717 2531
2644 -4896
4568 -4351
-1900 -3413
-3205 -4338
1172 -2917
4038 3261
-611 -249
3305 -619
4976 -4253
-3645 -1144
934 2944
18 4329
2271 -4568
-237 -4791
2351 2047
3819 1073
3230 3387
1722 -2592
-3948 3517
-1929 3303
-3321 -1813
1563 2147
2938 947
-2394 2913
1694 -1039
-2152 -1294
-3095 2866
-887 4176
4377 4955
-4536 1728
2001 4283
-1121 1309
3748 -4399
3718 -4122
-4741 -2046
-25 1823
-3821 -2088
-1152 -1214
-3097 -4459
3826 830
326 -3191
-1304 4439
-2936 -849
4393 -2472
-3043 2473
-2111 837
-1219 -2284
2517 -2502
-327 3792
365 -67
-3254 -4661
-3245 -2075
-670 1682
2790 2313
2223 1616
-1858 -1373
3425 2917
-1935 -4512
-2932 -1464
-905 -975
-2913 3064
4862 869
-3142 3457
4446 1531
2249 -189
-3537 -4927
150 -703
-923 -4441
-4022 -3133
2872 4280
4562 -3987
-2094 2986
3931 2050
4554 -4002
-4414 -273
1102 -2327
-2210 2043
4621 -352
499 4067
-44 -2358
-2180 -4895
1940 1898
-3257 3997
3765 4615
3277 4405
-3293 -3818
2390 -3284
3233 3022
-1207 4898
-2251 4895
-1351 1618
1937 -1730
-2655 -2564
-1585 -1476
1262 3371
2245 4083
4555 263
2059 -3702
-740 823
-3009 -2464
227 -1302
-203 -1305
-2204 4207
-995 1624
-4820 2655
-1759 2117
-2997 586
-4369 418
-4812 2973
-133 3513
2055 -579
-1225 -887
719 4114
-3986 2711
-2272 2320
-2513 2526
-2907 3981
-2288 -111
4266 1718
-3488 4446
451 833
2642 3533
-3582 4352
-1050 -3393
2324 3817
-3802 -622
-684 -27
4570 -4965
3825 2894
3982 -2610
1498 -2846
-3630 4211
3122 -4364
2007 4635
-3840 -1464
467 3802
4233 2097
-4351 1556
1992 -3153
-2987 -3693
2900 -3418
-2579 -1935
-676 -2676
-2963 -616
-285 4615
4904 -340
3879 1910
373 -4961
-3476 -3082
4920 -1408
-4040 4152
-3233 -3390
708 3759
-3856 -2565
-3540 -1434
1579 784
1969 3617
-4832 -3317
3231 2785
-2556 3805
1122 3896
3844 2646
-4187 4843
-2684 -3226
3994 162
-537 780
-1 3999
-421 1143
-2487 2119
-2098 2757
2708 -851
-4482 2017
-3066 -4556
1229 457
4250 -1571
-647 4172
-2847 1245
4014 548
4098 4087
-4291 -361
945 708
-1362 -3397
-2070 2230
3722 -204
1321 -3377
-2448 108
1852 -850
-1797 3786
-406 4433
321 -1157
-2139 -4248
-906 1094
1998 -1893
-3359 2174
-1728 -2649
-2108 4218
4138 1530
-4180 -2933
-162 -4380
1864 -3842
-1678 -4506
2345 -4827
-356 -4452
3959 -4683
4981 -720
-840 -1080
32 3254
-4987 -1892
-2560 -2266
-3639 1791
85 -747
1008 -778
-3139 2907
2369 1699
4606 311
2857 -2072
1884 1281
-1899 -3472
1829 -2940
-2076 2888
2419 2084
-2114 -1471
1417 -1021
1638 4936
1713 2999
1726 -3203
-1670 -1187
2098 191
-2202 545
-3111 -1517
-4145 -4176
1411 2740
2105 4512
-4654 12
-2350 -1730
-2101 -3853
-3568 786
-323 3928
-4157 -2607
4942 2556
-3530 2747
4353 -200
-3441 2529
-1926 -2042
3919 8
-139 1408
-2253 -3034
1999 -828
3057 4649
2442 -4044
-4204 4954
3881 3664
3945 3823
1569 1650
214 4207
257 1283
721 3331
-4681 719
-1661 180
-1795 2165
3225 -4797
-3663 1282
4853 4858
3317 -3273
4811 1137
3279 4771
879 3302
4672 -2903
3716 2319
4826 8
2604 82
-2631 -1676
-1587 -2312
-4879 2831
2868 -1673
-5 1093
-1470 1332
-1547 -539
2269 -3231
1188 3158
2906 545
2928 -1216
-1154 2599
1960 -1360
996 1785
4727 -1401
-2055 -2905
3003 2437
862 4203
267 -191
-2471 -4738
-3020 2139
2673 433
-3401 1020
2202 3867
-822 1186
490 -2895
-3952 -4585
-4217 4087
134 1779
871 -139
-3543 4895
3035 4460
2332 -24
3662 -2402
4785 -2730
-1061 -3236
4409 -2309
2197 -2914
3711 477
-2969 -2112
-2259 2522
1073 -1211
4016 2935
-2125 -851
792 4825
-4912 2249
4719 4203
2787 3129
-4273 -1038
4798 745
726 -4716
3436 -999
-1551 3226
-4444 481
-2808 -1703
-919 4344
3165 -825
2278 -3961
3324 -851
-3058 4492
-3603 -2261
3694 -4737
-4132 -2129
2791 -3405
1833 2588
3419 -1363
3951 1855
2638 -2601
1159 4273
-2431 -882
3774 -4267
3293 2130
-2149 2696
-3722 -207
2187 -2324
2532 880
-982 4479
3751 -3192
-3927 583
-4526 4493
-4702 4425
2426 4015
3287 -3139
-908 -3066
979 -2135
-2333 351
-3926 1597
-1954 -2648
-2532 -4768
1107 -3922
1112 -4876
-4443 -138
-3068 -2291
-3477 -2594
-2091 -3216
-3086 812
1447 -4800
-2866 -270
562 880
-4920 1636
3989 1023
-563 95
3180 -4452
1299 3737
1489 4310
-2475 4091
-3284 805
-3010 704
2590 -1096
-3485 115
183 -4734
1076 -2705
-725 2235
-3560 3998
-69 877
172 -1889
2505 -3530
-2074 72
-4221 451
-837 -1426
-2665 2232
4279 4925
-2785 -3128
1118 2398
-2861 -2149
794 4294
146 -4932
1528 155
3978 2968
-847 -1092
-76 4325
2019 -2572
-4206 -3976
2500 -3427
1475 -2259
1227 3810
4813 -1733
2377 931
4861 2537
4888 6
2606 1416
-4840 2662
462 392
-3431 -4615
-284 3589
-1108 1589
-4309 -3608
4242 2166
212 468
-2949 2946
-4391 4428
-45 -1568
-3899 -185
-4032 -2933
-4101 4653
3483 -2861
2314 24
2531 3884
409 -2753
3551 4302
3836 4242
-3228 3077
2486 3063
-377 619
406 1674
2181 4599
-4475 3282
-586 -2427
-4652 1392
-1696 4911
3531 -4382
-66 1062
-4420 -3579
4388 -4791
-3199 4302
-4471 -348
3458 4094
-2285 -1920
-287 4200
4755 4357
2372 1935
-4967 3977
1295 526
-3451 1643
-3082 -147
2632 -4552
1550 -1356
2589 2130
2339 2946
1278 3947
-2402 -265
3041 1392
3894 -2247
591 3648
-1812 -2038
1661 -700
-1983 -2045
4827 -434
-4323 -2177
-4502 3309
-650 2048
-1968 -3061
4994 -1326
2122 1271
-2379 4720
-2916 -4339
1111 -2943
-507 -2220
-3217 3760
1822 3445
-1941 4839
-2522 -1036
484 -766
1787 982
-1378 -3863
-1971 1654
-1924 3286
830 -1931
-3040 -2049
-4581 660
-2329 -1418
1718 -3108
-1280 3502
-4349 -4459
3025 -1290
-3542 -4498
3754 1942
816 540
-2077 4438
1677 2032
1091 -4169
1396 -3080
-20 3356
-129 1478
94 3621
-4941 -3586
-1694 -1720
1358 36
-100 -618
963 3579
-621 -3222
-882 3381
-3785 -3126
412 2306
-2295 -3192
-3758 1255
241 1337
954 301
3830 514
-1843 -1785
4873 -4407
3251 -228
-2791 -4063
1654 1588
-2284 -4228
-32 10
-2354 -3541
-654 -1301
194 1667
4954 -4566
-918 908
1814 -1009
-2500 -3951
2206 -2627
-3358 456
3224 1617
-1468 -4568
3634 -4815
3099 -3651
-2964 -854
1359 761
1684 4754
-2809 -3971
-468 3464
3775 -515
3898 -1064
-3529 1791
2927 51
2840 132
2424 4483
-3334 1726
2178 198
2159 811
1463 1336
2160 4578
-4519 -402
339 2165
430 3609
4273 4962
2072 3048
526 2048
-1938 3076
-1162 -4012
-1874 -3322
2199 -3372
-2761 3865
3355 4417
228 -2317
-2073 -1534
-2740 -512
4143 3678
-3348 -427
2286 -2996
-466 436
-3870 -3862
-1437 -808
4215 2401
180 -2660
-4843 -1543
48 -1525
-2679 -519
-1029 3542
-3928 -4723
-3776 78
-1257 -1515
4566 -1035
3538 -4473
-699 -850
2042 1510
1368 -4396
-4299 582
4085 1960
4001 -4680
-1204 -1184
4608 2767
-2642 -4321
1837 -2135
3146 2481
4778 1446
-2007 157
-3325 -3887
-3282 -1554
-297 -3119
-3516 -1297
-2799 -2021
3831 2076
2875 3438
-158 -4768
-107 2033
-487 -262
505 370
-2737 4577
-4474 17
-4311 -1728
-862 -1514
2797 3841
367 -4640
-2457 3648
723 -3787
-4110 -3356
-2476 -3914
608 2418
4198 -1484
-3465 -1290
4334 3119
-4842 -2325
2692 -4459
-972 -1089
-4331 -4527
-729 -709
-4801 3690
1744 923
-4019 2634
3646 -1494
4799 -747
-2998 3996
3849 -384
-1187 -2136
-4144 -2414
-372 4627
-794 -4258
-3545 3234
732 -1797
4787 -3918
2494 4986
-4150 -763
1987 -3169
-2051 632
1416 -2253
-4036 4497
-3258 4813
4073 4004
4470 -3993
-2332 176
-4367 1875
1997 -2912
1187 -1193
291 2052
-111 -1137
3117 739
4180 1182
3650 -2872
-3186 1144
955 -1143
641 2697
-252 -4169
-698 -101
-4086 -150
906 -339
-3896 1539
4706 3802
-2013 1075
853 2876
4938 -1031
-306 4117
-4849 -1657
-2676 -1956
4487 3279
2980 1206
2054 -2273
2626 4031
2285 -390
-1309 4469
-3852 1306
3648 -3068
107 -3366
3007 -2962
-4411 4023
3140 2238
4705 -4537
1000
-3640 -4731
4821 4340
2555 1874
-1855 671
4309 -3151
-299 2673
1459 3392
2141 3686
-303 788
-4383 -4118
3502 4703
-2079 4091
3725 -4993
452 1864
2245 156
3406 4684
1504 4305
4023 -942
1179 -1754
4729 1566
95 508
317 -3447
-21 -1464
-3683 -4246
-4597 -3066
-3363 3905
-3364 -442
2995 -4640
644 -1554
3304 -1033
4681 2788
-1350 2263
2093 -2328
-2600 -650
918 -2872
-4085 -2909
3716 1233
-277 -1306
-4153 1040
-552 -3750
4053 1085
-4846 -3233
-3279 4228
-2873 2365
-1248 -3491
-3669 -489
-4624 1060
-3226 2469
4811 -826
-3182 728
2381 -1188
3898 1096
-3877 -1380
-4132 -3029
4660 317
-1779 3712
-2520 -1624
-4522 281
-1318 -1315
-2355 2435
1273 56
-3055 1649
-2806 -1281
196 -2995
3972 2014
2733 1353
-3095 2710
-1473 -1972
-3671 -604
-1 -2932
4713 4300
-3142 -1729
-2325 -2663
3552 1357
2101 -2724
-130 -548
2332 1816
-3899 4526
-4466 1297
-3470 -4415
-610 -4658
1938 1295
4131 -3457
4323 -4541
939 401
-2473 1730
-300 -614
-4999 3454
2802 3553
889 981
-4172 -4241
-4568 4239
2575 -2388
4844 4188
4989 -2548
4773 -622
-1127 2789
-3249 -1997
4333 -2848
-458 271
3632 3148
-1920 -1669
-2467 -1919
-2137 -3587
-2288 3753
3473 -1459
-4410 3906
-1142 4244
-2404 -1299
3431 -2416
2233 4283
3041 -3895
2071 -4130
-891 2482
-1977 3651
-1168 -3346
1798 1912
1065 -4590
-3929 3928
-2098 -1217
3759 -3625
3403 -4573
-3641 -2739
4671 34
2041 3102
2619 -727
3463 1738
1458 533
2609 -4434
-906 -4369
-4705 2926
-1636 3172
-163 4429
4661 908
4436 -2437
-4231 4273
17 4173
4701 2455
-2488 4371
-2512 -4369
3551 -3815
984 2013
2924 -2559
-1375 532
-914 2719
2242 460
-1369 -3441
-3887 -1708
3546 -4452
1934 4315
-4101 -1971
4566 -4401
-4517 -2923
-3951 -950
-1212 4600
236 4772
2692 -1841
-1709 -2605
4770 2377
-4887 2011
-2164 1836
2616 2546
4474 4808
-4163 3019
-4645 3850
2333 -2666
-3122 1899
-2067 -1560
-4946 -1018
2491 -1158
-339 -1195
-308 -2648
3043 2983
-253 2812
359 939
-178 4274
-1147 -1484
1820 -1674
-1676 3736
-3656 -242
3665 4756
2092 -4458
62 2788
1165 -1369
-2292 -4175
2436 3480
-744 478
1462 -4919
-1711 -2100
2099 4190
-2827 -4049
-1216 -4929
356 3187
3808 2779
-976 2472
3614 -3885
4093 1346
-1702 233
212 4464
3864 2921
-4712 1299
1400 -455
-2145 -1060
-374 1144
1840 -3275
1412 -4908
-1245 -4804
-4837 -4810
4462 -4951
2969 -1515
3600 1582
-399 2693
-2072 3978
-2075 4219
3441 -3211
2139 4809
4167 -383
-647 -2978
3558 -4943
4245 1476
-2139 1736
1568 2696
3011 1732
2886 2472
2860 854
-4043 1460
-1485 1637
-848 2522
614 3156
1740 -945
-3977 -42
-1137 -4810
4575 4295
-4570 -1386
687 -1708
-4651 -2746
-2934 3360
-4936 4952
832 2925
1884 1789
-616 -4602
-1575 4615
3999 -4883
2770 739
251 4873
-4304 -4808
-3859 -3651
4487 -568
-3361 -4004
4125 2326
367 4475
-4342 2433
2834 -3198
2384 -256
-4195 -733
-2389 1268
745 2115
882 -257
-4519 -2517
-398 -2744
-2324 1822
-315 -1759
-3747 1324
-763 -3543
-272 -4318
-4069 1465
3115 4844
4346 1577
-412 -4850
-4156 2199
1418 2668
-686 -1622
-2590 -2375
3109 -1029
108 -1211
2306 3863
-3310 -3010
-1817 -978
4393 2420
479 199
4182 1410
-3336 2296
1254 -3991
-2761 796
4119 3657
-1537 -489
-2965 873
2136 -3778
-4078 -1677
1090 3229
-1736 2780
-3703 1447
-3198 -4310
-54 2281
-230 3632
-2499 -2898
-4280 1374
-978 -2041
-1752 -781
-3385 1711
4810 -271
-1337 3024
2030 664
-3654 -801
-1108 690
-1943 190
-2864 -141
1959 3161
-1781 -1074
-2713 4068
-1363 -211
-3831 -643
-2759 191
2316 490
4410 -4991
-1721 4219
818 3021
2243 -2153
-1315 4668
3125 3656
1436 -3818
-76 3573
1041 -3118
2812 -4662
1888 -4901
4406 -4476
967 -4426
-119 4287
1844 -1725
855 2333
-1716 -4787
1551 -4820
3234 -128
-893 -2003
619 -2769
-3347 -2946
-1587 1577
-3295 -4467
4539 4518
-4129 1426
-4305 -3644
1950 2741
-1991 -2091
2027 4854
1184 -1039
2186 -4454
-826 -185
-4273 -1514
-4234 -166
1484 2464
2065 4216
-4404 -4522
792 -2698
-2910 330
-2102 -960
-3245 -328
396 4784
-2588 4485
-2308 -4483
4338 4955
557 2602
-4499 4731
-1505 -3772
-704 -739
-2197 284
4995 -1600
762 1865
1781 3931
-2805 4679
-2029 29
-650 4446
892 2841
3930 3584
4437 4346
3539 -6
1947 -4882
-276 -4558
-2575 4020
782 4566
-4123 3586
-151 -3050
-3015 -3310
3816 3766
-4380 -2911
4523 -330
2118 -49
-884 -912
-2209 -1955
-1249 -1694
-1530 -1632
3300 -4584
-1514 -897
-3063 911
-799 3799
1555 79
2029 -3474
-828 1923
-3630 872
4012 -4108
-4459 2209
1922 -343
-3704 4713
3782 47
-1982 -1670
3415 -2603
-1254 -2021
1500 1763
3890 -4300
1640 1523
1858 102
2927 -1113
1628 -2902
-4191 2998
2970 -4100
4969 4591
326 4405
2681 -893
531 -3223
2437 24
3004 -4327
-4897 2972
-2547 1743
-505 4311
-2077 -1500
-1803 4551
1677 86
2548 -353
986 3595
316 173
484 -4359
656 -1836
828 -3814
-59 -657
1211 4116
2684 -786
-4133 2787
608 2759
-1290 3531
-3742 1907
4160 2936
-1929 2786
-1339 -4865
1380 3977
308 -3137
27 1524
-1771 -3953
-3759 3551
811 -1813
2417 4076
2587 -897
1834 -3704
-2366 4172
4282 -3207
3186 -2647
4580 -3154
-1433 959
-3099 4955
3902 -2403
-3003 7
-4800 1305
1054 -3933
1824 3374
-3439 4192
-3291 4148
-1705 4623
-4557 929
3794 4725
3801 1979
-1844 4459
4904 2803
1497 -3196
2757 398
480 -4168
-4596 680
2137 2538
2826 -1040
911 4602
1595 2472
3793 4383
2698 -2913
4005 4220
4095 3877
3945 2896
3433 1837
-4019 -71
4720 3738
-4674 1279
-4352 -3190
-1963 2786
4348 -4137
-3255 258
-3457 4419
-1191 -4665
3802 -2415
-1498 3885
-3195 -2404
3841 -3172
-3430 774
7 -4997
-1310 989
-68 -512
805 1338
3148 -117
-761 2495
1825 2063
-1169 3368
1482 3719
3703 1362
-2617 -1717
1325 -812
880 165
1016 3529
-4061 -3978
3532 708
2011 -457
-4805 -1105
-4120 -2959
-4652 4028
1924 -413
2601 -1252
-3351 -2490
-2885 4210
-2692 -3104
1650 -309
1259 -2025
3879 -2862
3140 973
-4334 -4843
3074 -4723
865 1164
-180 1061
-4942 1779
4181 -4594
1885 1104
-7 -515
-4070 2721
1931 -4619
72 -1643
2634 29
495 774
-3999 2241
2010 4076
3597 -2125
1318 -1584
-4986 1376
-4806 4195
1782 2079
1377 -2147
-2358 2307
-4427 -4285
-3570 3583
-2824 3529
-1758 2248
-3114 -3046
-1644 3460
3807 -643
1779 817
-489 375
4771 -4172
3791 4785
3283 -4937
-4943 64
3221 1434
3996 -4138
-1260 4570
-2343 1249
4231 -167
-223 -1449
-1841 2742
506 1515
1202 -688
-3049 -2020
-3793 2541
3356 -4023
4449 3225
-4239 2731
4368 -3103
-1126 2588
3331 -2131
4530 -1851
-1483 -2814
-4524 -1173
3098 254
2378 -2665
-2005 -2117
3851 -4725
3275 -3120
-665 4482
4421 -2310
-4541 4948
-3007 -2701
3758 -3640
-803 -2369
3949 -1394
1579 4557
2835 -4904
-2179 3311
-1077 -4082
-357 -3700
-668 3718
263 -739
-4929 -384
1141 -594
-903 1641
3175 635
2667 -4832
4014 1424
-2393 -711
4055 -2366
3974 634
-2810 1808
1809 11
1198 -4269
2008 -3081
-1890 -3660
-4364 4452
1680 -3213
-933 -2179
1193 4244
-4460 -632
957 3207
615 -30
-369 4301
4259 -236
-3065 3233
-3524 204
1119 3285
-4785 -1605
4016 3302
315 -1795
-2344 2401
3817 2803
-3700 1089
-3465 -919
-3875 3229
4052 1835
2529 3310
-2322 -4458
2621 -846
747 -181
-2561 962
3214 -2467
342 -1472
1817 1063
3355 -237
2682 4156
-3362 4886
2800 992
-4922 -4523
1534 3778
710 -2720
-1404 3149
4321 -3190
-3239 742
1417 3578
-3196 4133
-4792 1346
-4335 3563
-3892 3286
1120 4869
3521 3838
-4168 1983
4527 3632
-947 -4317
-4813 -4413
-1054 -864
125 -654
946 1886
-4913 -1558
1543 -2030
-2426 1751
4316 -1761
1393 -3498
-2396 -1409
-2572 -1719
4186 -1966
-3087 -1761
-204 -1821
-95 -743
4077 4930
3394 -798
354 418
-2834 441
4939 4788
3411 -2487
2618 3805
1831 89
-4694 4435
3680 -2245
1037 -3098
1300 4029
1220 -3905
-2793 -3876
1432 -2637
-2868 904
1565 2487
-3679 4810
-994 -3740
4598 -1504
-148 2215
-2700 -3318
-2697 -2393
-3883 -2939
362 -1167
327 -2523
735 -3374
-3495 -3046
-2278 -208
-843 -4768
2155 1290
1136 -202
-1224 2457
-393 3861
4796 -796
-2644 726
-2503 -343
2409 879
2264 4605
2941 -1296
-1563 -654
1182 -4749
973 3766
-2795 4774
-364 2442
-4995 -3210
-1269 1141
1588 3586
-324 -2726
2446 551
2557 4803
-3724 -4946
-541 4764
2012 -2199
2584 -1116
-4623 -156
-865 1350
-311 2419
2202 4325
-140 2207
-3885 3591
-574 3782
3255 -4820
-3945 701
731 3613
503 2008
4746 -3960
2850 1757
-80 2218
-1133 -2497
2348 1315
-3328 -2964
-1267 3874
2159 -1446
3263 -2337
-1585 1518
-2157 549
-2782 3575
240 3800
1661 -15
4840 -490
-2194 1688
3341 -1093
-2990 1767
-4779 -1318
4882 34
-1366 -2679
-1373 -4208
1954 -3111
-466 -3553
3407 2377
1997 -4376
-4498 -231
3301 -3580
-4642 -3879
2258 -1836
3888 599
3151 -4103
-1556 4451
658 -595
-516 4292
1726 3111
-3838 -242
-5000 696
1206 4486
-1928 -1798
-3811 -3819
1517 -3309
950 -183
-1888 1308
2017 -4631
4473 904
2047 2623
2880 -3430
2073 -1463
975 -3443
-1093 -1221
-4254 69
4616 -3175
-4236 821
-3689 -84
-4899 -1421
1097 1619
1349 -2954
-2486 4461
4434 4532
-4091 4985
1514 4035
2607 -606
-3317 758
4010 2658
-2485 -4781
2986 -2869
-2956 4830
4031 -566
-255 4133
3013 -3080
1830 441
45 4344
980 -522
3875 2968
-538 1468
2003 -1853
-4139 4765
4985 -4051
-1134 -3984
-1853 -3280
-2240 -1743
1154 3584
-2611 246
-4497 -4703
-4314 548
-4281 2745
-3895 -4327
713 567
3715 4081
-1442 3699
-4971 -2941
3155 -25
-1924 2831
2906 2302
4551 -3256
-4442 1783
-3594 -974
-1893 -2012
402 -128
3536 1122
-2383 4641
1795 3330
1287 -1065
-2877 1080
-1985 681
-222 -877
3820 -989
4098 -3105
-3159 3082
-4725 -2530
-4096 -3087
-4668 -2690
2018 -1561
298 -2580
3312 -87
3542 -2993
632 336
-4664 -3082
2998 -1636
-4703 -1146
2487 4117
-3989 -3136
414 1650
-721 746
-4962 -3704
4185 1416
-205 3575
-3672 -1664
-3340 3039
4751 -1925
4958 -4901
1613 4034
-1033 -1892
1027 -1010
-4229 3118
854 2595
-3438 -3733
323 1920
3092 362
3216 2277
-3223 -910
1930 -816
2426 4670
-2778 3256
-2256 -1742
-1629 -1024
2347 3417
2084 -548
-2594 3934
-1352 4339
1528 210
-3315 -3149
-2871 4777
3292 -3576
3132 -3853
514 1141
331 -982
810 3632
-2727 3554
-2031 -3293
3990 2419
1762 2415
835 -76
-3133 4320
-1143 1594
4737 -3537
-607 12
-2723 -2316
2628 -4760
4952 -4602
-1930 -1001
-1816 -1862
-3583 4946
-3368 3331
-131 -422
3729 4805
-3829 3465
-3732 -946
-4035 661
4067 -679
4425 1581
808 -666
4610 -1564
654 2735
2952 605
4212 -2900
-4318 -2604
239 -2901
-2659 2950
-3492 3290
3094 -1302
4780 4362
2753 -3177
1102 2898
1144 526
-522 -1969
4860 166
1467 513
-1021 497
-2804 -1809
2598 -2122
587 -1085
1056 4007
-3136 2564
2296 -609
4168 4738
830 2999
-3440 -3069
896 3784
-3186 3396
1619 4360
-13 -3323
935 2184
-132 -1468
-3860 -3467
3526 3276
-3382 -3532
839 4994
859 797
534 -1630
-896 3173
1381 -3921
3035 -84
-2468 -4073
-3635 4378
-3094 2301
2640 2853
-4536 -4563
2055 -2917
-2924 3844
-4152 4617
-51 2461
-935 -4869
633 -4555
-3790 -253
674 4752
51 2040
-4793 3036
-660 2847
1627 1353
1688 -240
4515 3594
4812 -2331
3516 -4341
3120 2430
-326 -168
2875 1964
4579 -685
-3216 252
-1630 353
-1800 -2083
40 -4095
1744 -4058
-3601 1556
1000
-1389 4915
2215 1976
-543 1414
-595 -4790
-3755 -1642
2174 -4177
2674 3958
2154 -2181
2951 -4476
3172 -21
4313 -2550
3975 -648
-1645 -4599
1080 -4901
-3657 3558
2734 1034
4552 1027
-1991 87
-2560 3493
297 -1315
-3150 -1451
587 -4398
-1414 -2259
-1579 -3464
-1735 -2328
2594 -2423
122 1568
3009 3478
1969 167
4656 3313
-1276 3468
-654 -646
-506 3434
-4480 1935
3005 1896
-3302 -4067
-4555 2286
-3464 110
-3895 1036
1646 449
3708 -761
4105 -1170
-3115 2113
-1614 3854
-2721 -880
3245 2083
-2413 -1331
-3564 3160
-2898 -3044
94 -3815
4932 2872
-2881 -4624
1236 -266
486 2341
-4231 -1790
-2211 4478
3528 -2028
-614 -4588
-4915 3851
-4656 -2636
-2030 3590
4447 1636
-1663 -3038
-205 440
-3 -4032
2704 -72
3840 4823
1383 75
-444 -2053
-1506 1405
2236 2362
882 1842
-4667 -3654
3333 -4582
-4804 3678
-1138 -1834
3346 -613
-4120 -3318
1349 675
3201 -2575
1643 905
3432 1561
1806 -185
-2286 -2559
3841 1208
3846 1077
-352 806
-2082 -18
3231 -3749
1479 3427
-3993 -4660
-2329 -4569
807 -1449
-2887 -1766
-4696 -3607
659 3027
3377 -909
-413 182
4985 3381
3702 4904
667 3626
980 -4685
510 4978
-2693 -2146
-2834 -1686
-1805 -163
-1255 -4920
4467 1937
-1686 4772
4409 3974
2798 2785
-857 -2616
-954 206
-3157 -2253
109 2511
-2548 -3911
2826 2962
-2855 -799
-3298 -548
2055 -1132
3845 -3672
4785 -1332
-3592 4251
-3317 -277
4022 -3908
-225 1819
3877 3918
-4718 -999
-877 -2875
1749 4232
4636 4201
-3601 3540
2162 -377
-2260 4943
4075 4796
-1189 3998
-2798 -1405
-1256 -1389
-1076 1507
4413 -2054
2599 -813
-4157 2554
-817 -3875
-3445 3306
-670 4383
3616 -1035
4662 -3906
-2495 2902
717 1324
2845 871
2198 -3345
947 4401
1329 4692
-910 -4748
1198 -419
-723 -125
3768 121
-1493 -971
2325 62
-1587 -3346
-556 -2972
620 184
-1878 4204
-1914 4919
1606 -4070
789 -1196
-1336 -3265
-717 4993
-3574 4452
-3677 3703
-968 1680
-344 -1122
-3200 3164
2907 4125
-696 -3681
-4221 4828
-574 2478
11 3628
2760 3097
3546 -635
4027 413
4248 -2310
2148 -391
-1239 4654
-940 1164
4435 3092
-2157 -909
-3031 722
-1667 -4046
925 2637
-1648 1704
2464 3858
260 -1446
3564 -902
-3350 2109
4543 -3244
-2479 3790
525 -4253
-1601 -4635
-4600 2459
2608 4836
1630 -4550
-1074 4678
2251 3338
-4368 -1825
974 63
-4042 -483
-1080 1218
3071 -2517
-3605 -4201
-4330 -4063
-1366 -730
4727 4160
18 -796
-4397 418
-2258 3211
1332 4372
4740 -4743
4049 1990
4674 -4241
-3757 648
823 -2799
4499 -4608
-616 -4107
-3809 54
-3170 905
4325 -2365
1143 421
1840 1746
-3083 4582
-44 3250
3953 -305
4586 4080
-2237 4260
4840 -994
-93 1741
1208 2229
2562 1785
2621 -3055
2678 4891
3079 -4414
795 3482
-1779 -3063
-1098 -3861
3683 819
-4280 -283
-932 -4249
-4510 -1346
-4090 -1747
-2087 -3172
2260 3899
4648 -454
1127 3288
-3670 -174
-3688 -4914
-284 4391
-3249 -4489
2872 1051
-1473 -2148
2191 -1711
4750 3990
4085 -103
-4180 4576
4630 -3270
-2172 -1379
-1442 -3834
-2481 -1795
1791 4725
-3508 4200
-450 -2196
4286 -4656
-1727 -2885
-3066 -2777
3167 462
75 357
4830 904
-4200 166
3489 -3492
2975 -2604
129 -3468
-1438 3727
816 -4647
4530 3388
4553 -921
-2730 4918
502 544
-2968 2437
-1023 0
1634 -1194
-4097 -4020
-1202 -2218
2225 -2713
-710 200
762 -4503
2811 4324
4224 -294
-4245 3753
-1907 -3613
-1090 1442
-2617 4412
-1936 -585
1848 -3090
693 -3097
1910 -1595
709 3892
-615 4508
-2248 -2311
-2127 2042
2889 3635
2539 1778
4037 2841
-3517 -4129
2672 -424
-2903 720
-2929 161
-3787 4999
2071 1906
-3099 59
-4689 2611
29 775
3197 2781
3464 -2852
901 2431
-3139 -482
-791 -4103
-2642 1771
-2153 -4971
-3653 1184
-2311 -477
-3097 -239
4684 -1883
-241 2834
-3899 2739
-1029 -2509
1428 4001
3267 -376
1781 2809
1772 -2318
1319 4712
2200 -3394
-4391 -4363
-3255 -4198
-4281 -565
325 -1299
-4726 9
2897 1112
-1079 3999
-1150 2892
-3511 -4722
1892 -4166
981 -248
4723 -1168
2434 1041
-1457 712
3726 -848
2428 2102
4767 4174
2905 -3436
-1392 -1771
265 -1118
4317 -759
-3928 -684
-1761 -78
-2792 807
200 4100
2721 -3819
-1149 2443
1092 -2637
-438 4635
4155 -1713
-134 1582
-3533 -368
755 4372
1196 -4559
-1320 -2461
402 -925
1780 1474
3392 -3903
-3604 -4401
1905 2675
-4223 704
4935 708
-775 1026
4150 3787
661 3304
-1848 -4474
965 -381
1237 -2202
70 -2568
-1760 3750
1050 4721
-1097 -1091
1195 -2706
6 3670
-1028 -2011
2423 829
3693 3437
-538 -3236
-2218 -3799
-3853 934
-2194 2112
-4447 4043
4910 623
-2447 -772
451 4683
-1051 4354
-1409 -3778
-2273 3597
-4030 2778
-2335 4472
-1394 -2564
2908 1221
354 -1551
2986 4215
-350 4133
149 3536
2323 1781
3657 3311
-1518 -3790
-2461 -4989
-3029 2567
4365 562
4868 -1830
237 -3084
-4052 2902
-3613 633
-4662 4296
-3146 1771
-1177 -4082
985 3473
-3871 -2788
3087 3452
3993 1744
1762 -1447
4033 -4621
-1436 -3997
4025 -992
2644 3892
2178 -2120
-4193 4205
917 -1722
-2431 2771
-4952 1392
4768 2112
943 -3025
-3495 3317
-3148 4346
-2051 -4116
4726 1513
-2034 3750
3721 3778
-432 4528
2982 1429
-2199 -1102
4707 370
-2253 4755
-2160 -1407
1867 3784
568 2270
-1108 3152
1665 744
2498 4614
2707 2223
2051 1647
-2640 771
424 1928
1378 -515
-564 4179
4462 -858
628 -2791
-24 3468
1881 -2079
3330 -1472
-4810 -1700
-3321 1855
-4878 4177
1469 3908
2478 -2405
-4342 608
-4680 -1982
-2543 745
-3975 3835
-3692 461
4093 -4231
-4319 799
-943 657
345 -4062
3578 -1325
-534 3768
1975 2224
1702 3177
1401 -1830
2084 -1122
1844 2743
4486 2164
-3161 -3057
-1013 -1057
-3144 295
4404 -2973
2144 -3836
1821 -1829
-1783 1478
2925 3762
1324 -101
986 -1975
-846 -2614
2343 -883
3981 2908
-3719 -4181
-4071 268
-237 -2215
-3358 245
-187 3786
1409 -2362
4986 -691
1888 -718
-4214 -188
-1957 2110
-4210 4029
-3786 -56
-3586 3488
1182 4837
-2395 1241
2744 -1114
2061 3673
-4768 -2098
-3543 -3126
3147 2349
-4341 635
-3934 -3276
4944 2954
1006 -3192
-1155 4049
4997 -365
4157 -3790
-4343 -4430
4699 1840
-3515 -2697
-1920 4229
2268 -3781
2901 2500
4375 -574
3865 -4967
-4940 4931
-2164 -3918
3964 3842
-2110 -2192
3970 -2114
3522 3126
-903 4179
4775 -126
2097 -3740
2177 -3744
-4512 -556
-2525 4469
-3057 3755
-4016 -2604
-1820 4849
-1491 -1760
-4142 1345
401 4822
1266 3291
-1292 235
-2745 -2771
-1640 2431
-2514 -787
-2696 4584
1552 -4441
-3082 3120
1082 472
2588 4105
-774 4651
-3500 2406
-3276 -4644
-2567 2125
-3744 3699
1494 -36
-1067 3750
3272 3372
2259 -4242
-1337 4564
-3580 -4785
-3799 -1662
3335 2284
3810 2001
2467 -885
1651 3967
-3480 1149
55 -1755
2585 3567
-4631 3841
2265 1864
-116 -2724
1692 -1845
-4353 -1050
-1087 -690
-408 1412
604 1873
-4172 -1062
235 -4283
-4062 -2299
-168 2589
-2254 1352
-183 3880
-4325 -2599
2446 -2876
-2680 -290
-4934 2204
1986 1758
-4641 3712
-3214 351
-899 2458
-3237 4705
-1357 4565
-613 660
-1656 4219
-1751 1090
1650 4145
-30 2325
-3455 -2585
4449 -56
3205 4515
-2852 190
2351 -2493
3937 4082
3786 -2997
449 -1493
-2354 4836
4168 990
-4867 -1505
-1842 1783
-2361 3128
-893 263
-3378 -365
-4794 4827
-851 -1567
1095 -2421
2019 -3925
-3284 956
-4844 -4532
3813 -4979
-2529 -739
-1472 1196
176 -2305
-2815 309
2269 1422
-1830 -4014
1249 2251
-3089 2535
3156 2140
-4033 329
4719 4066
1405 -2487
21 2640
-2019 -1167
2661 1531
4174 -2732
-2274 428
1042 990
-3185 -1689
-2589 -15
-703 3040
-2739 -3375
290 252
-4762 -476
-1530 -2716
4854 -1812
-3651 2337
1055 4761
-2639 -205
2370 -3466
2063 -3826
3041 -1896
3243 4856
2494 -4347
-160 -2130
4773 3180
574 1141
-1569 812
-4335 1901
3096 -3403
-3833 -4476
3934 2947
2973 -12
4783 2234
-2054 2924
3408 -4014
-2893 1650
-4159 4601
3383 681
-1451 3155
-1139 4123
-705 3371
-66 1039
1351 -891
2636 2518
-367 2648
1544 -1316
-2364 1408
-982 -1503
-1358 1964
-3579 -2951
4030 -1472
4779 4871
-793 3161
1631 2757
1315 -3430
2958 -3312
-3981 -1029
3807 2370
3080 1442
967 -1209
169 -2490
2475 2805
3918 -2429
-2620 -1362
-4386 -120
688 4644
4487 1545
-4408 -1306
-295 3302
-2471 -2902
-4050 -3435
-135 -3030
536 -1329
-4582 -1385
-3808 1385
3485 1361
4974 960
244 4971
4610 2624
-1417 -4626
4867 -1931
1919 -3462
2842 -3377
-200 -4210
-1985 4666
-1161 3551
-585 -743
-1755 607
-4358 -3271
-3033 -3306
2689 3290
-3336 3378
914 273
3601 4497
1726 4547
-1356 -1355
-3916 -3514
1347 -2998
-2065 -3853
-2208 950
-3109 2710
580 1306
-3087 -1312
382 4322
2699 -4759
-1602 1299
-4184 -4877
845 -540
-153 3008
946 -3806
-4990 3882
-1580 -1119
910 311
-3409 -3511
-3384 -363
-3608 -392
3325 -3054
4568 -1294
-3733 -2184
-3169 3966
-864 229
1343 -48
1432 -1733
4412 -2643
-3726 358
-1449 -2637
318 3050
2324 -2694
-125 1056
-370 1267
-4337 -2046
3213 -3691
1660 -4442
204 3492
-4398 4340
-201 3025
-709 -2691
-3709 -1297
-333 -1356
-4861 3218
1008 457
2347 -590
3842 -3215
-597 -1284
2841 4033
4984 4584
-3014 4275
-4108 4725
4834 1097
4295 -3486
436 -906
4539 4728
1403 -4171
-491 -2852
553 -352
-3555 -2361
-4896 3792
2049 3946
-4424 -3549
-1259 4497
-3438 -1276
4080 -1452
-923 4972
-649 -11
2147 -1354
1504 -2417
3819 2121
-1611 1300
3449 -418
-1376 4894
2221 -193
4764 -731
-1248 -4661
1799 3572
4836 3361
-1626 4994
-2013 2452
-3956 2338
-2938 -4978
3260 1173
296 2787
-4246 3920
3759 2975
-1274 3522
-1678 3558
4940 -4880
2129 -4146
3481 -4497
-4153 -3533
4034 -3109
4884 -3527
-3839 -3054
-2425 -1987
-1095 4719
4334 -1757
1970 -371
-3971 2724
1777 2275
4388 -4902
1911 4328
-3703 -960
-4819 -4144
622 -3972
-2677 -345
-1001 -1715
1128 160
231 4782
3173 -4785
4500 3585
-1542 2548
-1786 -512
271 2842
-1776 -1894
-931 600
2146 329
1456 -2233
2436 4858
3501 -3566
-1857 -372
1594 4453
489 846
4668 1067
-570 -1874
-1385 3723
1564 125
-2988 -1162
1944 14
-3085 168
4014 3858
4308 2514
-4709 -2550
-1780 2965
-3098 3709
-1190 -2351
-224 4319
1854 3391
3042 1625
3355 684
-3251 -3555
4522 -2305
2709 -4246
-1210 4131
-4797 -1118
2988 4511
-1961 695
2322 1021
482 -2790
3670 -3664
-3471 523
-4195 4571
-1774 -4761
1333 -25
-3316 855
2670 -4477
-523 1458
-2644 3268
588 -1361
-2851 -346
-772 -376
-989 2268
-4682 -2588
-1712 1879
-378 -1964
3216 1151
4638 4021
1800 -2137
2838 -2977
-1375 -457
-1956 982
-2190 3632
-4301 1039
-636 -73
-4338 4454
-2806 -2941
-3135 1561
3938 2567
4597 3232
-204 4234
3332 -3404
-2904 3670
-271 -3987
-4308 -205
2600 397
-4584 -4357
-4647 -1844
4266 -283
3083 4928
249 -3644
-1935 3194
3996 -2998
760 3593
-4766 -4445
3905 3566
-1770 -2920
3314 2959
-1168 -3229
-2586 2939
3555 -1154
-3906 3899
4642 -4745
4905 -110
-3389 -2031
-1917 -4393
-29 4922
-4722 1284
-3444 4183
928 -214
-3738 -758
-1176 434
-673 2656
2205 -4113
-2017 -4303
3826 -2384
-457 4920
-3486 263
-4826 -3582
-4847 -2135
-449 -4563
316 -171
2800 1872
-3343 1353
-4873 481
-2135 533
-784 -3851
1420 2199
-3154 245
4816 2469
1243 -2592
-2269 1417
-1173 -1037
-4640 4293
3279 -89
-4192 -1406
-3456 -170
4762 126
-3768 -1023
1275 3731
-2746 4201
-1025 -1852
2748 -3704
557 -3443
3792 -4538
521 4153
4755 -122
-937 -3358
4551 -118
-2592 -3906
4712 1902
