2
95 85
11
180 180 180 180 180 180 180 180 180 180 180
15
167 88 164 19 174 136 53 4 62 30 74 24 81 84 139
20
80 132 109 167 29 126 179 55 25 87 123 163 39 20 173 41 159 156 50 125
20
65 103 61 107 180 177 97 60 12 68 103 136 72 176 19 175 44 175 16 104
20
4 15 155 165 171 43 126 66 56 49 32 42 98 91 102 35 131 101 23 18
40
59 51 88 168 132 78 154 143 98 9 128 65 37 74 9 18 105 160 51 167 65 27 90 99 80 37 129 140 175 179 135 166 83 100 102 35 76 24 46 80
50
72 29 38 60 109 31 122 32 160 3 174 167 97 99 11 146 120 45 40 157 102 169 90 64 32 175 138 175 121 13 144 102 178 67 172 5 72 39 145 19 127 75 22 147 73 39 51 174 36 72
55
109 16 69 15 157 144 22 128 129 17 147 100 1 153 4 130 142 161 7 141 36 52 45 150 82 129 97 6 51 69 91 73 21 169 150 174 159 44 132 67 43 111 71 37 173 9 165 36 16 113 111 167 85 34 84
60
142 84 60 179 9 35 126 24 144 90 47 73 107 102 112 95 96 123 164 71 70 157 133 78 152 4 68 166 121 49 30 90 16 39 157 119 157 54 55 172 36 2 90 42 126 12 127 65 16 145 140 101 16 180 57 96 166 9 125 85
