6
90 90 90 90 90 90
2
80 100
15
128 63 153 165 108 119 118 85 61 108 152 43 171 138 16
20
23 165 60 90 25 69 85 20 159 95 102 41 107 123 13 45 172 83 133 17
20
18 35 36 25 19 174 179 5 20 58 116 168 177 124 134 118 138 6 61 100
20
65 30 119 86 17 175 133 107 133 71 148 49 108 178 15 60 112 35 47 34
40
147 65 154 135 165 46 140 175 40 3 21 120 56 180 73 180 55 40 27 134 111 58 137 156 90 64 84 96 91 65 82 160 9 146 40 98 58 122 80 65
50
136 171 29 111 175 24 86 15 67 151 131 163 25 44 137 149 112 89 10 57 119 75 123 4 118 148 59 164 159 100 95 70 110 10 22 90 40 101 93 170 14 14 1 49 143 12 166 159 160 4
55
33 125 70 65 17 166 1 154 12 62 28 49 12 38 107 58 76 17 144 38 148 13 165 97 55 46 138 121 157 47 144 89 33 155 90 34 14 124 152 131 23 10 147 20 65 31 177 180 65 168 94 15 150 50 2
60
64 126 160 34 136 109 63 92 4 38 106 132 130 43 125 93 135 177 170 89 60 3 130 105 160 169 25 39 165 64 73 166 170 5 145 49 13 58 122 104 4 41 69 176 135 102 64 156 103 151 84 174 6 165 85 145 22 178 95 124
