3
-4 0
3 -4
0 5
10
-9 -4
-1 8
-8 -5
9 4
6 -1
-3 3
-5 6
5 -1
-6 -1
-2 -4
50
107 186
15 172
-101 154
-164 191
76 193
-104 -55
63 194
-6 154
198 -118
-179 -38
-145 -5
-80 6
3 40
19 -146
142 105
-162 121
90 53
165 189
79 -127
-148 -46
-134 -52
172 129
-58 39
155 12
121 -152
174 -152
43 -33
127 -155
-194 -55
-151 10
-187 -188
-65 179
-127 -114
-76 -75
114 -10
74 85
-9 -112
-4 19
100 -11
67 147
37 -90
-87 -36
28 -81
109 -200
12 -169
10 25
-157 -182
-96 -200
42 -183
176 -73
200
388 -50
-157 205
39 -29
-237 -132
17 155
338 165
-329 -388
358 -221
-260 -360
186 336
325 -268
-320 179
71 171
173 363
132 -232
115 -126
-126 358
-321 68
-317 -158
91 101
153 29
-135 224
-204 378
159 -64
-383 -301
-129 98
-169 -49
-124 303
278 204
20 9
128 290
247 118
-176 330
-215 -378
-57 -195
2 -106
-218 -240
230 356
-386 256
53 -155
-193 84
303 240
-358 -323
-397 170
367 42
-319 -32
315 -95
-347 -215
376 -162
44 209
-32 -19
124 -203
-64 138
209 389
139 -385
-173 -204
10 -375
-371 13
-50 396
211 32
-281 125
92 -228
310 67
-235 273
-104 -36
-164 19
346 361
-29 -119
-147 -221
-375 147
350 -393
99 -41
-368 128
-122 -62
-338 -139
-76 128
329 90
0 380
-2 399
-49 369
-365 -40
304 -340
262 253
-333 -285
-188 -300
243 95
-162 -279
-127 250
-132 198
-23 352
331 251
-277 -317
250 74
-348 40
189 356
100 -194
-37 -78
-79 -70
22 -236
-376 15
-360 -344
307 291
21 -362
242 63
171 -72
-86 294
11 319
-278 63
-42 312
-227 213
273 -108
-266 -207
222 -88
-288 247
327 -248
377 -36
395 -3
3 -9
-340 -227
319 -271
203 344
148 -240
255 77
373 -118
369 262
76 190
36 -300
96 -306
-196 72
58 354
-332 216
-56 284
144 -137
168 -35
193 -30
-91 -60
-115 319
-384 -388
-199 385
275 277
-70 -353
-181 366
-341 262
-259 -127
215 -190
244 -241
249 -12
-223 -228
353 370
-103 -139
-336 183
-220 237
195 -19
-24 -176
-388 306
-373 -169
272 85
-254 86
-53 -113
114 317
-148 -42
231 257
-372 298
-241 197
263 -306
33 -187
75 -392
37 87
318 -59
305 219
182 -394
-294 -349
323 -287
9 -91
370 -291
-84 153
162 -352
234 76
245 96
170 -368
309 400
196 -299
-159 110
-80 315
206 -176
133 -257
386 -6
-206 309
108 -42
-183 -168
-178 -112
141 384
60 336
225 385
123 -111
140 -81
-10 381
184 65
295 -10
290 -217
1000
4780 4370
-4946 2704
-2070 852
1911 -3507
1852 -141
-3018 -4367
-2259 2706
784 -4045
1090 1620
-4373 -3662
-345 -2015
2331 -4889
-3373 -2735
343 -3812
3314 -4771
-4260 3093
4599 -3127
1875 -1392
3805 -1215
1180 656
4723 3162
2368 -1458
1947 -770
-502 -1964
-4151 125
-626 505
4189 -2216
1695 -4185
1128 -1884
-1918 -559
-576 -99
-1388 102
2854 -4514
3710 2737
350 968
-1608 72
-870 -3162
4693 -2845
1068 -810
191 2996
-4607 -4357
-1500 -4340
-494 -3726
-3524 -4367
-610 637
74 4894
-4462 3686
-5 4471
4172 -217
2207 -479
-4250 -3323
-4329 959
-1485 -3557
3114 -4339
633 -617
3657 2106
1106 -1764
2766 -4389
-490 -4680
-3755 4979
2037 2398
4872 3654
1084 -134
3124 1334
-4273 330
-3066 -3522
2007 -1316
2437 -3400
127 1630
-2739 -3161
-3988 -3004
-4977 2118
232 3868
2730 -4180
-4201 2304
2451 -3251
957 -387
2695 -920
-4053 3422
-4512 -1040
-4022 3574
2644 3416
-4827 -1150
1124 -1487
689 2136
1588 1791
333 -3180
658 -859
-1281 925
273 597
-1772 -2277
2347 4185
3416 1120
-657 4363
-459 -169
-599 520
-517 -1877
14 735
1973 -3863
4248 -1260
4352 836
-4470 -316
3735 1189
4904 -1468
-2887 176
4130 1421
3979 2555
1684 2394
-1326 -3973
2835 3215
1937 -2765
-187 -3580
358 -4095
2155 -1590
-2958 2482
3229 -2527
-604 3760
3236 -791
1027 3140
2741 4219
-606 1870
639 -1628
-4235 3098
-571 3600
2392 -3635
-4166 -1717
-1136 2272
-811 -3981
-3240 2310
4580 4989
4783 -1025
4827 4098
3184 853
3316 924
1151 -2291
-1127 -2132
1082 3297
1270 1847
2474 -4302
1526 -135
-1857 3439
3148 2007
710 -1585
4105 3549
-4275 3684
3538 -3414
-1263 4443
-4317 -3080
296 3999
3924 -2475
-2213 -2204
393 3869
-3908 -3337
1794 4645
-2639 -1681
-491 1583
-3242 -1264
-1410 3547
2151 -2306
3175 3955
-2543 2791
-3380 1194
2233 -2697
3115 -2472
-2619 3117
53 168
-4088 -3475
115 -1917
-1812 -2013
-2272 1628
1307 3316
-1789 4144
-2949 1801
3769 -4719
-4427 1943
-4686 -1970
-267 -3066
-4697 -3034
317 4497
573 3777
2613 -3295
23 3525
-1770 -4863
-2314 1418
-1876 414
-876 -4491
-1270 2335
-4269 1860
-865 4501
2141 788
2522 3535
4897 -1666
-4532 -4801
1379 1864
4696 -3049
640 3387
-265 -4338
2990 2965
-3122 -4324
461 3
1591 -4102
2999 2323
2759 -2866
2902 978
4001 423
-488 3897
4836 1060
-4825 1214
-998 -4051
4245 4643
4337 -1021
-3617 3405
-1977 -1738
4081 4563
4344 1250
-4774 934
2148 3226
-665 -94
-3562 -2764
-3037 -4562
3739 1475
-4587 4653
-1387 -4412
867 2616
-2383 111
3337 -3047
-4832 4720
-3564 -1809
-940 -4483
-1167 -1597
1767 -941
-4584 -7
-2716 830
4900 -1278
4146 -2059
-840 3963
-4506 653
3615 -892
1241 560
-2198 4937
-3251 -3862
-2032 -3082
-3064 -595
1188 2076
-78 -4980
-3443 -2233
159 -3027
2760 2443
3883 3738
-3835 3028
-2243 1404
3069 -1748
-1865 1683
2360 4377
-1678 -3760
-4609 71
-2622 -1640
3068 393
2765 335
-2532 -1235
355 -974
1532 -3408
2078 370
4036 2039
187 -3721
1145 2944
3762 -787
-3805 -3103
-3025 4634
-2648 297
-4127 -2257
-4633 -670
1103 4515
-4198 -1133
-151 -651
2632 -3718
3375 242
-2125 1532
-3309 -3090
-1430 2957
-732 4716
1979 -1971
7 4254
-74 1982
3887 2278
-2722 -4161
-3900 -1275
1248 2203
-1761 3129
-2851 3088
-2522 -4141
-4552 -4148
1102 -1677
3463 3872
1312 -1888
1828 -4421
-2173 -115
-1391 2834
-862 4614
895 -896
2971 4252
1022 4071
-2024 -2731
2352 2294
-4602 4501
1460 -1045
-4640 1909
886 2541
-4769 -651
2491 1544
2461 -682
2123 -3634
4203 -3190
-4722 -580
-3576 1173
3524 -4527
425 -455
4544 4480
2893 1895
1774 4370
2475 -688
-1676 2835
-3780 4211
1454 -3548
-362 -1056
4075 -1823
4341 2276
-457 4622
4087 900
-959 -3411
-1848 -1357
-2938 4656
3188 -2316
4135 2160
-4343 1987
2608 3132
-3701 -4068
2045 -2481
-3779 -423
50 859
3521 203
-2521 -343
3562 -2356
-4444 -2398
312 -1292
2325 3453
-1637 1591
-3864 -1423
-1250 -2128
-4437 -3642
-3996 -2059
-1631 4128
1540 -410
-1295 -3411
-3473 -1696
1793 -3359
1298 -4195
-2006 1854
-1593 3306
-3359 -4269
2837 1083
2323 3973
4660 -2849
-2077 -4777
-412 6
-757 2957
-866 -4218
-2454 3918
-2628 152
-2779 -4757
-4407 -1910
270 -334
-3977 4757
-950 -2336
-3434 -3114
3747 4968
-3063 4486
-2881 -140
4709 1707
4867 30
743 79
813 3289
75 3185
-1559 2296
4507 -4767
-2160 -3822
-597 3110
1923 426
3945 -4028
4169 -4489
-1063 3994
3479 -245
-3188 4266
-3538 -2243
-704 2205
3915 -4892
1572 -1011
4372 -3909
-2636 3878
-2596 204
-4945 1807
-608 1978
-1689 -584
4029 -2521
-73 -2035
-3528 2563
4918 4952
-2682 -2192
4217 -141
1645 -409
-1858 559
-301 4714
-3116 -2009
-974 -712
4274 160
-2827 -1335
-1784 484
3081 -2756
2963 -914
1288 -4487
-3351 2284
-3457 46
-3829 -4240
4905 2816
1430 -1954
-547 -3871
-1162 1159
1278 1801
4150 -4696
-2833 4502
1543 -660
-1833 4760
4824 -2674
2492 -4551
-4543 4141
3812 -3000
265 4983
-1161 169
3877 -4731
4294 -591
-3602 -790
-4433 3755
-3989 -4204
-4863 -1822
-4703 1681
3598 -457
1440 4500
2949 -4400
3365 440
-3951 4901
659 4862
-3100 -4077
-4078 740
2171 -4122
1009 1464
1366 3486
-3248 1933
2240 -2237
3808 2378
2021 -4816
137 618
806 -2345
117 -1246
-1745 -440
4194 384
-540 -148
1324 2440
775 3325
-1821 -2055
-4513 568
3752 -2760
-1420 2070
526 -1898
-1350 -4338
4799 4457
-1683 -84
-1790 2652
-4446 -1517
-1965 1094
3335 4359
-1467 189
3134 2965
1978 4701
-389 1808
-3060 3191
-1123 4101
-3343 4404
-1718 1386
-3856 -1920
1921 -538
-307 1227
1802 -1973
1664 -4666
3216 425
3125 2429
-532 1181
3208 4080
-2012 -3774
3349 1865
-4674 -3916
2471 3492
2768 470
-968 1842
1680 2224
2550 -3628
-1550 -649
479 -3808
764 -227
1617 -33
-1720 -2836
-3853 -3513
-3757 -865
-2287 4592
-2921 -881
-3245 -4496
2727 4226
3996 494
774 -1973
-1585 -2546
-4750 -4036
-95 -221
1395 -3538
971 -1763
2315 -1333
3205 -4406
831 -4570
-1839 2074
645 1953
2744 2724
-3929 4499
3228 4878
4803 3303
1450 577
-2592 4865
4110 -2341
-3092 -986
2438 4382
1556 -512
-2382 -1130
3155 -3099
543 -1015
-2668 3704
-2863 2977
1736 4881
1779 2807
-4542 1085
3763 -4740
-613 213
1916 1796
1156 1025
-4467 3064
-3882 4050
2445 2674
-1463 -3858
-1957 2086
1755 1454
1869 4971
-570 -1396
4852 -2713
-2511 -3612
3373 -3748
-2273 -1162
2544 4644
-3288 -1301
1747 -1676
-3237 2865
-2626 -4714
538 1990
-3572 3160
4761 551
246 2594
-2996 -1807
2565 2514
1797 3495
4801 4286
4883 4252
-3384 -2391
-831 4160
-1669 881
-2141 -4922
-4716 701
4022 -1263
2066 639
-4274 4574
-1202 -3435
124 -4878
4160 3207
-1685 1724
720 -3810
218 1600
-4524 1179
851 -1829
3788 -4981
-2669 -1802
1980 1269
-1724 3343
-1952 -1624
4015 -2195
-629 1968
-2065 -391
175 2330
-3668 -3027
3520 2629
4652 -4926
-1193 503
-1754 -1327
1601 1656
1871 -341
-997 -3775
-920 2051
681 1159
3243 -305
-4957 -4913
2508 -586
-4899 -613
3852 -3567
1361 3450
-4860 1012
3525 26
-2407 -3230
4778 -4727
4505 1649
1011 -1493
3953 -4909
-3364 -367
1250 4879
-4593 1293
-3956 3994
-3215 4179
-4485 -3114
-1435 -4555
-602 -3996
3896 -462
3096 3499
-4358 -3233
-3653 -4580
-2960 -4149
-642 3179
4222 994
-1109 1550
1951 -702
-2157 4075
-1709 707
3253 -114
3673 -2104
1410 -1930
-1099 1384
3688 -1925
-118 4330
-158 1229
-4172 2962
2080 3976
2092 -2484
4589 -3955
-1059 1540
1422 2863
614 4713
677 -2758
2841 -2913
1391 -2180
3471 78
487 -3184
-4340 1315
1370 1869
-3665 -1476
-740 -4076
648 3201
3543 -2931
1064 235
-2140 -4288
-4821 3538
-967 4099
-4376 -4577
-3081 4095
1581 3893
-1474 -1854
-4292 266
-4461 -4515
-915 1909
2354 1499
-3489 -2308
3502 3238
-3028 2044
-4694 3036
-1643 -1833
-2217 -1141
-2365 -1593
361 -446
-475 3186
1166 234
-1549 2785
719 3615
772 -848
113 3363
2923 -1385
1600 4895
-3263 2986
4009 95
-3848 3835
4710 14
-1228 -2656
3421 4134
2977 -1921
-1768 -2498
-3736 -4523
3815 794
3262 -467
-592 112
4764 4522
-1526 2687
-785 -4926
3660 2031
3060 2669
-1796 -4710
1503 -2086
304 -3646
1337 -197
2882 -202
2895 4147
275 1709
-60 -385
-2680 -4573
4728 -1837
4949 -1799
-646 4509
-1649 -1508
3256 1556
-1218 -241
-4452 -4836
2192 1885
-33 3758
-2723 -1072
-1445 -3750
-847 3831
2959 -4829
-1555 -3642
-4402 -749
-479 -3375
2453 1449
1867 -2115
1378 292
2853 -3762
-3871 3401
-3597 3321
285 2449
-3624 -4368
4892 529
4463 2851
701 -1013
4209 2378
3238 -1271
4004 1769
-3744 870
-4267 3292
2167 2111
-1417 19
4428 -288
-1581 -4170
-1968 4784
4359 -4891
3425 -3187
-4258 3316
2343 -3717
2245 -878
1349 1453
-2422 666
-3740 -3419
-1487 -2484
3531 -754
-4192 697
-2565 470
-3205 -2058
-4818 1293
-149 -1786
1076 -791
1023 1224
-1105 -556
3586 -3861
4645 -65
3672 -2778
-3321 -3990
-1196 1271
-394 -1587
-4483 1493
-3038 -3017
3277 -3176
1438 -648
2112 -4160
4932 -1866
3143 -95
1044 3301
-3398 499
1805 1485
-3230 -3590
4898 -1634
2903 -4915
2397 4865
-2931 449
-1912 -4655
3352 4526
776 463
-3556 1786
4677 4587
-3310 3333
2393 3814
2713 -4866
-393 4315
1712 -3589
799 3482
-2179 696
-3153 -3198
781 -4677
-3333 3929
1851 -245
-4648 202
359 1129
-3257 1803
-1007 -3581
2468 1763
-4169 939
576 3544
2152 -3739
3937 -1136
-1248 -265
-2655 2652
-3491 -807
4455 3369
595 -2800
3377 -2555
3034 3729
2647 -1608
936 -4532
-3727 4930
-3112 4820
2771 -1202
758 -1654
-2659 -2090
686 -3723
2091 4119
2090 4679
4126 -3937
4823 2502
-1492 2856
1231 -2767
-3753 -2834
-2298 -1401
-1826 669
-1582 -4056
4467 4176
369 -2114
-2915 -3945
242 4938
-3429 -2668
-4865 3661
-1911 604
1283 -2786
1668 1105
-4205 -4825
-1040 2026
-1512 1286
-4730 2269
4885 -476
-2063 -1698
468 -2597
-1443 -3084
289 642
1659 621
-2603 -2278
-3599 4065
4907 -2804
-4681 -55
-3769 -4429
-3925 -2806
95 91
1576 -3359
3573 -4868
1853 2607
470 -1489
-693 -4511
-1532 -3923
-2155 -1626
-1726 -757
4399 -1426
4129 -3292
224 -3718
-1098 -4682
1373 -3444
-1961 -55
-2233 1596
282 1433
-790 -4333
3001 594
-3587 2677
-4547 -119
4834 -1702
4335 -1893
3621 3733
-3481 -2016
4032 421
-619 404
3057 3499
-3478 -3545
3825 1812
-2878 1825
-2595 -1465
581 -1063
4495 414
2235 4908
4600 855
4719 2359
-317 -3763
-3579 -1286
2738 1882
-4804 794
380 -3376
-984 4219
-1992 -1081
1030 1209
-4257 4514
-4178 2403
-2184 -3237
-3697 -2585
3698 -3978
-4147 -1620
-1662 -1647
2094 -3925
-3687 3369
-3928 -435
4326 88
-1217 -1587
-4915 -4109
4622 -3093
-4596 -4556
4311 -1146
-3160 -2874
617 -778
621 393
244 2553
3773 3583
-3016 1945
-4264 -1702
314 3685
-3930 1386
-1751 -4605
-2448 3111
-113 -2363
4002 588
-456 4406
2111 -67
-662 3951
3139 -3967
-749 -162
1427 4496
-2610 1278
4157 -626
-1777 4893
3751 3537
4656 4821
1001 -2096
-3705 4632
-2907 2261
-2732 -2827
-2152 2891
-2343 4959
-1097 1995
4988 -2959
4108 -761
1879 534
-3189 -1031
800 1113
728 675
450 -3272
3579 2824
-3641 -3249
85 -294
-1076 2933
-1324 1582
3971 2579
-4302 -1238
-1804 2577
-4626 4088
4003 -1735
4378 4076
-4569 106
-250 882
2913 -593
2237 4869
1136 -3839
3881 4812
3822 2851
3469 -1524
1808 4167
2239 -3917
2822 3692
-3751 2903
-3044 385
-2295 -2587
539 -1864
-4904 1510
1861 -910
1000
-251 -2003
251 -1371
-1113 -928
-3521 -1565
2548 4367
-2399 865
-3472 -3498
-443 -2223
-4517 2592
3162 -1812
-4996 -1300
2404 3602
67 3579
1191 -3080
-1541 -1949
1010 3209
2127 -2661
-2084 -2907
2490 -604
528 1116
-159 4208
-3019 1369
-4291 2617
4146 -2728
1287 3387
1539 2371
-2914 -1058
972 3233
-2479 -1759
-3769 2059
2372 3320
267 -502
-4342 3184
1591 4227
-1342 -2882
342 3499
-2595 3402
946 -807
2097 1170
1465 -1616
-444 -1996
-4246 2722
1946 2805
2033 -4455
-3954 3264
3684 3418
2662 -1050
-1006 4399
-1788 -3336
3625 2949
-139 -1034
2526 2266
-1553 -1529
-3541 -4457
4642 2924
6 276
-4073 1839
-2003 3953
-356 -4971
-4424 1769
4372 4260
186 2033
-711 -4742
1431 3580
-3078 55
1529 1784
-4900 -946
-951 -374
3605 1587
169 3246
-489 -3746
-1479 1517
3093 2598
469 -1185
3706 2125
-4417 4157
1384 1848
1189 -3249
2107 -1301
-4669 -4893
4833 1860
1891 -3989
-3008 -2981
637 -4404
3606 -3115
4921 -805
-1861 -479
-4288 -2690
-1803 2260
1126 -3098
-616 2788
-3942 -3153
-364 3327
-1402 -2179
-2975 -1071
-2072 -2064
-3133 4820
-1052 -61
-2083 4585
535 -2399
-3531 1535
1797 687
-2866 2509
2998 331
-232 202
3312 -4769
-2011 -4551
-2922 2625
3776 676
-3476 -3121
-4316 -547
-185 -2449
351 3763
4427 -896
-4132 -4105
-3283 3744
1583 -1149
1252 659
-4740 -2901
-4140 3572
-2670 -72
4021 487
-1368 3875
-2759 156
-3168 -2075
4609 1648
1556 1038
1489 124
-695 915
-4694 1253
1811 -2977
1075 -528
1953 -2673
-3791 2213
505 -1852
1864 3914
3076 1963
-600 -3293
1917 1641
-4355 2551
396 2201
-1411 -2036
-1597 3973
3879 -1290
1304 1768
1812 -2621
-2682 -156
785 -1473
-2944 -3711
1675 4999
-4798 830
3041 681
2537 -43
-1600 -600
-1295 -955
-3049 -4820
-2676 540
-1856 728
591 -2978
-4484 -3105
4870 2328
-726 -2813
-2829 -4942
1794 307
-2574 -453
-4624 -576
4388 2914
4381 -2213
-1608 -1914
1833 1422
-1734 -4765
-1960 2489
963 3632
-4411 2558
-4474 -4542
-114 -200
-1275 3136
937 -4482
-479 3363
1144 -4095
-2931 2600
1408 -3544
1592 789
-757 4984
4954 -2846
2485 -702
-2610 -4476
-3214 4432
-4766 -2625
1990 -4240
-1087 -2046
1639 2638
-2832 -2425
4235 1690
-4063 1457
3674 -1994
-944 81
-538 -4353
-3052 4785
-3290 -3099
-1983 4195
2278 1486
-4203 4064
1997 -3968
-2482 65
-2129 2510
3019 4511
1226 -3735
-2915 1539
2955 -898
-2005 1628
3187 3131
-2212 -1272
3778 -264
-1488 -3434
1638 2608
-3161 -6
-906 -2363
137 -3910
-252 2655
1155 2619
1243 252
2129 -2532
1517 -4707
4007 551
-605 -1920
-1743 -2419
-3790 1045
1309 4989
-4219 -4101
-2367 3498
3508 -527
-430 -1320
2110 4707
849 -2064
2361 -1918
-4446 -318
3334 3763
2150 929
4056 2235
-4685 816
-3140 -502
-2408 -1280
1476 226
-1704 1062
-4223 2867
4742 3966
2573 590
-3099 1013
3672 -2545
-4306 3084
-3783 3924
-987 -3649
2237 1571
880 2552
-2614 -931
-4844 326
4646 -1173
4046 1121
-4869 -1579
-2817 -4092
-3713 -3076
4874 4939
3594 -2147
951 3344
1388 2725
1428 3684
1648 -3481
-4965 -1116
4169 915
-2485 -2366
-3938 -2329
2960 -4293
2577 3084
2908 2709
-3496 -4910
3617 -1130
-1907 4570
-1191 -2235
-2578 -4162
-3891 3810
3563 3616
2494 1289
-4866 2529
-3748 4303
-478 -154
-1985 1664
3596 -4026
3450 1172
-4863 1357
-1120 -2280
1447 -1424
-1855 -3522
-1616 567
-2684 572
456 -3042
-813 -2051
4326 -679
-3444 -4423
-297 2157
423 2718
-1180 97
4772 -2730
-3731 4909
3627 149
-2372 1153
3725 -4703
2851 -2052
-3225 -2687
3516 171
2886 -1029
2999 1454
2473 4555
3111 -2825
1711 -388
-4029 -3390
4710 -4258
-3271 -1415
2206 437
-4184 2010
734 3667
4958 3589
-4020 4552
-1241 3866
-399 -3034
3420 3410
-1768 2609
-3337 -3978
-2779 -1286
-2368 -3070
-544 2591
-1013 2265
-3825 -3808
-2299 -3008
3202 4514
-3263 4239
3102 -2283
3790 -2061
-3418 -530
-95 -1401
2069 -596
-1913 -3620
-2988 -249
-2598 312
4544 34
2242 -1001
-2376 -3772
-2658 -122
-1500 1122
2949 -3299
636 4687
-2982 -184
-2597 -4192
3835 65
278 -1261
4743 -1575
4222 -2171
-195 -2687
3659 3286
2625 3202
-1681 946
-1720 2022
3253 1701
-2021 -3248
-2177 -4073
-467 4538
-3308 1551
-647 175
3438 -734
-4761 -206
3006 4982
3220 3306
-1111 -897
-4382 -2452
-2611 4323
-3172 1787
1347 108
-112 -401
-3191 2867
2431 711
4873 -3037
248 -3435
4593 -4321
1740 3031
-54 3058
-2176 -970
3039 -2878
-2665 -1994
554 4694
-1645 3462
1480 4702
-1431 -3633
379 1457
-4688 -2191
-1754 -4815
-228 3494
-2171 444
-4748 -4353
-1526 198
3705 2377
4228 2822
4500 -2359
-4173 1804
1674 2461
2576 -3893
922 -945
-3113 -4431
1502 2267
3106 1814
-4925 -3649
3078 927
4846 -3015
-3630 -4903
1374 -3664
-1701 601
4158 -1123
4321 4986
-4320 995
3525 3256
3181 -554
-1610 -4932
15 -4030
2335 -1880
3863 3489
-528 1941
494 396
3926 1864
493 -2363
-1135 -2055
-1027 2165
4625 -790
-3959 3945
-805 -2199
1018 -2281
-2865 -801
3244 525
346 -1742
2574 -1241
2458 1437
-2753 -1992
3404 -540
1763 -25
2920 -3930
2793 2544
280 4913
2567 -4447
-2287 -1415
-649 928
-2469 -792
1931 -4895
1542 -3708
3475 -2924
-3809 1878
1536 2955
-2069 -1367
3583 -4150
782 1375
4473 -2860
2366 2040
-1228 -4921
-4376 3123
2086 -4435
-3205 4617
852 4805
4722 -103
1351 2342
2268 -175
4418 3460
-2218 954
1414 713
-4335 -4
2643 1447
-2551 2115
4666 4815
-846 -1563
-4028 857
-2362 3058
2501 512
3754 -1648
1395 3475
3249 -2255
1896 517
2571 1313
-1024 -3569
-1655 -4611
2144 -990
1464 -214
-3465 3913
-2020 -2721
4806 3213
716 -4222
149 4433
4915 -2351
-56 3668
1002 -3661
3222 329
163 117
-4155 -1188
-2492 900
243 854
1289 -1534
-4058 -1169
4331 -1443
-1178 -2690
836 -1372
-3398 -2369
485 1751
-2937 399
4400 3087
146 1480
-4496 -1633
3484 -1267
4480 -4009
4634 801
2924 2001
4267 3867
-4168 3598
-1498 -346
-3014 -4584
3282 -1412
-1953 -1234
-3583 1190
-4756 -3104
355 390
4455 859
3757 -3737
-2396 3319
1076 -1838
-4612 709
3964 4392
-1212 4309
4337 -380
3985 -2162
-4647 -2950
-1746 4714
638 2381
-441 3135
-1430 -197
-4970 3925
-3729 4485
862 -3894
-3173 4545
-4497 2903
-2293 -4109
-310 -2251
-4718 3478
-1864 4619
-823 -2879
-1465 -470
-829 1790
249 3802
4022 3819
-317 -4870
3822 954
4616 762
3139 -2479
306 3642
-4577 4092
4534 1192
-3160 -4106
-331 -23
-3408 3846
3177 127
-546 -2653
-687 3244
3578 -1665
3141 -660
-456 3041
-3628 -841
-1198 4512
1680 -4813
3153 3182
4279 3765
-627 -2802
4660 -4879
3254 -2670
-4955 1430
2457 -500
4856 -3469
-724 247
4775 -1068
3582 3995
3272 -795
2035 4645
3364 -3084
-2897 3387
383 -2540
2152 -4165
737 2890
-4044 69
-4781 -3999
-2423 3755
1580 -2568
-4715 -4145
2680 -3861
-212 2340
-4867 -862
-2377 3247
-4838 95
3189 -1656
-439 -350
1884 -3288
2690 -3022
3522 -4734
-4268 1180
-1222 -2903
2036 -2464
-685 -2098
-4046 527
3119 -1422
-1227 -2020
644 15
4154 -89
3359 -1286
4561 242
1505 46
3942 2185
-2435 1631
-4759 -2835
2976 -2947
3346 -2168
229 1460
-4560 3481
70 3559
-2942 4922
-2383 3781
-64 -3229
-1309 -626
1564 -1749
4376 4636
-3668 -3059
2345 -3426
-894 1400
-294 -1470
4232 4935
4990 1758
4478 -4571
238 626
-4933 2296
1626 -2316
2155 -2359
534 -4155
2015 -1823
175 3788
1246 630
3424 3657
3650 1847
-3691 -1166
2365 -1443
949 2354
-4686 1505
-1791 -4992
-1074 -4086
-2308 -3920
-1445 4306
-1996 -3352
-2518 4258
-4565 4807
966 3859
3463 -385
706 4773
1866 814
-1413 -1106
-754 -1099
-4602 -813
-4469 -313
601 2967
1616 4156
2272 -4302
-4197 -4168
-3965 -2683
-2745 -4821
-3384 2961
-3970 -4935
4070 3976
1958 -2343
-2131 -2718
2637 -654
1470 3169
4033 -4336
-1296 712
-2903 1749
3892 -1868
-4855 -4392
-3788 -2600
-3561 -1024
-1028 -4492
-2049 -2992
-1835 820
-710 -3119
-3755 -3162
-4951 -4723
-2497 -168
1231 -1986
-4728 4408
-4158 -4758
-1382 -4013
-3070 -170
-1613 -1203
3737 -174
2773 -1213
1413 -3197
795 -4343
3702 -4915
-2462 4947
-1998 -1334
-3697 505
3498 3372
3797 808
-3615 -4853
1294 -2773
-3532 4912
-1786 -1602
-258 2680
3274 -443
-1416 1047
3345 4998
3929 -861
-4346 2630
303 -729
2937 3880
-111 2513
3330 -236
-601 4715
990 -4308
-3058 2459
-4396 1235
-3065 1425
-1085 -4791
-2940 2499
3575 1263
623 4229
-29 -2996
-1501 -1374
-4691 -2486
-3894 -3087
-2880 505
-3372 4190
1198 -351
2727 2881
-4117 4662
384 877
4871 2444
-545 3284
3928 -1971
-454 -450
-1663 -4404
1554 1836
-778 2943
-4571 2807
299 -3465
4720 3498
2687 395
2075 413
-646 4038
75 4738
993 1024
3261 -4553
-692 2188
-1523 4933
-2184 1814
-4472 -4552
-272 830
4470 1236
-1364 -232
2771 -566
-655 1969
1861 -2969
-2637 14
2445 2797
-949 -1402
2534 -4956
-4300 1873
-3430 8
-940 47
1020 2955
-2061 2627
-1544 2873
-1097 2092
-1280 -2247
-3474 3065
-4200 4466
-3826 -758
-521 4698
-2962 4610
-626 -4349
2524 -2698
-3839 -2337
3429 2181
-4383 -3633
-192 -4901
4035 3264
4052 -983
1435 -1150
2849 4040
-2007 3649
3505 -833
-2110 -938
-250 4318
580 482
-608 -1897
3864 554
1845 2292
-1187 2463
4738 4700
3641 4852
4043 2692
-1132 477
-2380 -2205
595 613
-3557 -901
-4141 -667
4240 803
-4660 -1010
1199 920
-4450 -4409
-4898 4414
2224 1947
2784 -3964
488 2522
-4264 -871
3452 4779
-2101 -1602
1334 520
1193 -3072
-2789 2636
2106 -851
4952 -1612
-3587 1151
-4614 -1957
2821 -3433
-2544 44
4594 -3681
2159 81
4920 3974
-4712 3371
3752 -733
-3232 1164
-4135 4040
4171 -845
3305 -4200
-221 3256
-812 2271
-4687 -1695
2221 -1151
4428 2893
168 1587
-2026 1166
560 -659
615 391
4687 3462
-293 254
4159 -910
1054 16
-2655 -3679
-2713 3910
1975 -1321
-1707 274
2528 -2279
-1833 -1226
4940 2025
-2361 1633
-1506 -2674
94 1128
-1044 -2406
4011 3663
2848 4248
-2248 -19
-736 1177
1302 2630
1165 -1724
-3692 4458
4629 3837
-1311 -278
-3907 -292
-2174 -1267
-3660 1320
2138 2514
-1474 -3907
-3814 -1385
-4165 -4887
-2137 -334
-3079 -3605
1914 3086
750 3222
3623 1457
3137 -3121
2681 -3576
2613 -4494
1236 -4969
1826 -548
2545 -4648
546 3732
-1033 1381
3845 2909
2193 -2032
1412 -894
-2868 -2839
-2672 -4246
3618 -3457
-2366 3949
-552 -4686
-3548 -2940
-4180 3767
-2908 3725
-1781 4637
-4845 4844
4447 202
1224 3291
-1890 3349
-1693 -3618
-2605 4719
-2042 2816
282 -2345
-4562 3995
-2318 -114
-4613 213
3026 -2714
59 -4883
-3989 3278
4200 -3642
2447 1502
-4273 -3364
-150 -965
-1982 3325
-168 3506
-2148 3870
2401 4213
4287 -794
-1197 4674
-4502 -2093
-1961 557
-897 129
-87 -64
2374 -888
2373 900
-4387 3100
3615 1542
-134 3046
-3784 3797
1915 4696
3010 4518
3613 2296
-198 -1505
3048 300
1402 -3914
-4144 -4495
2294 769
1520 -332
4881 -1108
-3354 -3428
-3009 -4740
3115 205
-3108 -2020
-671 -813
-2144 -3757
-1117 -4135
-3059 -450
55 2825
-2508 -4396
1545 217
-2823 4615
477 -3630
-181 2369
429 4148
-2365 3285
4150 -1692
-3830 4468
4950 4319
2834 -2031
-53 3365
766 -4999
-2346 4761
1016 -4723
-23 4272
4892 -4546
-4359 790
3902 1070
-63 -2385
-645 2486
-4789 -417
-4207 -2539
-2142 -3116
-210 2805
-3673 -3365
3885 2516
3125 -3462
3355 219
-2106 -1668
-510 -2215
-135 1210
-2720 -409
2461 2714
-2924 2672
-2704 -1052
-4868 1347
1849 -931
4310 -3362
-3127 -4364
-648 -4243
1000
4232 -2523
-1626 2586
2696 1268
-3004 -1735
4054 1861
4475 3707
-3294 -3246
-1703 4167
-4454 373
2917 -2157
-4600 4129
-4732 2249
-1803 -4343
4966 71
-2628 -682
1907 -3397
1795 -4719
1549 -2736
3834 1681
-4796 3309
388 -2011
-3859 3685
-2845 -2233
137 -4929
610 537
-4722 1957
-2215 -1524
2614 -2250
4626 4987
3147 1532
-2332 -59
2892 -985
-3411 -559
2359 -3499
-2800 2563
-4112 3667
-4449 -2970
2352 -1215
-203 -1433
-65 -3515
4104 214
3442 -2033
4769 2135
1796 4394
3200 -57
925 -3054
-4038 -1183
962 -2449
4337 -1680
-947 -2385
-3039 -59
-3718 -1409
3050 4713
3455 -1075
-1721 -532
1489 -1539
4682 1010
1428 4450
-1856 -698
3843 -3657
4245 847
-632 -4793
-4258 -4671
-1163 -3843
-272 3969
-1228 2768
-11 54
-2563 -1962
845 -4109
3043 4124
360 -469
-2416 1120
-4460 -4910
1649 -237
-607 1570
2185 -284
-2584 -3447
1002 -763
-3118 4840
394 2690
3808 4167
1536 -1204
299 3974
2914 -2777
-4057 2035
-3654 2382
-3435 10
-419 -1815
1179 -3771
2948 -3350
2799 133
1367 -4785
1686 -2632
-548 4647
-1714 -4075
3415 -2906
-3830 -49
1969 1469
-1076 961
3692 946
-2005 -3883
-1672 640
2206 2909
3825 -1616
-4784 1772
35 3015
-2017 -2520
4309 -4253
-152 -160
-4606 3135
765 4888
-3693 1935
-162 4355
-518 4841
1395 -747
787 4390
370 -4807
1108 -1346
4181 -68
2038 4397
-2217 -1849
3490 1845
1710 2799
2593 -3442
-2362 4066
-4229 3403
3953 -2922
1416 -1209
-2489 -4103
-1369 3906
150 -4504
4375 -3402
-3232 482
252 -2973
-3507 -1631
-3577 355
2599 4914
-2801 -691
3791 4792
1946 -3572
3857 2717
-4091 2810
-4127 3404
-2321 -1616
4301 2389
-1631 530
2886 -1178
3207 -4268
-4618 -462
-2240 -3125
2907 262
2230 1584
1254 -4492
-4108 44
-4701 2838
2551 -4765
1633 3460
4124 2506
1863 -3198
-3031 2243
4191 1417
-1149 3155
-4762 -1864
4967 -4380
2674 -2274
-1425 580
2988 -3117
-1757 -758
-2609 -865
-4636 -2309
-1948 2916
-995 4685
1375 -1872
2191 -683
-70 -4762
1655 2568
-1646 1893
-4297 -601
3592 3378
2125 -2834
36 1191
-950 3279
-3489 1441
-1507 -3124
-4790 1545
4792 -785
1229 2245
2343 -502
-2360 -1649
-264 278
3551 -3610
4362 -372
2382 2954
-1995 585
-4881 4120
-3225 248
2399 -1713
-2232 -4109
1242 -2022
3515 1033
3273 822
-644 1694
-4680 1997
-3876 1135
-1647 4675
3605 2278
-1264 2966
-3095 -2804
919 989
3860 2118
108 -4366
-2635 -1415
0 133
555 -2680
3353 2463
-4030 -2291
235 -2631
4706 1359
3504 -863
2112 2108
-3586 -3074
74 -1681
-878 -2929
-4614 -940
4189 495
774 -3446
-4842 -4227
2766 714
-1906 1956
-4139 -2475
497 -3169
1313 -4268
-800 2097
2091 -2296
-3766 282
-4110 -2352
2208 2043
2047 -2591
4115 2433
1469 4382
-994 -2758
-2986 -835
-905 -4141
-4043 3268
2815 -3182
-4208 -609
-1350 3185
123 2850
281 -1708
-3368 1515
4653 -2477
-4758 1861
-4356 2289
4270 -4163
800 738
-4781 4807
4060 -1688
50 -1846
-829 1007
-3579 -1935
2825 -1708
2456 -3526
-3524 -1343
-4597 2837
3028 -2965
-649 2681
637 672
-459 1282
-2040 -111
2119 4840
-4374 3417
-4276 4686
-3271 774
-1082 900
-2141 1418
-4957 -3238
-4211 2499
-684 -2735
-3845 -281
-3820 -4738
1754 1611
2943 -1530
-2718 -1438
4752 243
3451 2949
82 -4845
1366 806
4842 3095
-2342 -162
73 1596
-3744 1196
3358 -2955
-1306 -2327
389 929
2392 2649
1191 225
-741 212
3695 1541
3774 4525
-2138 2224
2473 2944
2379 -1162
-172 3299
-1989 3565
-784 4164
160 1551
359 -403
4675 -4869
2270 1142
2139 741
-1210 -592
-2956 3049
4620 -3183
-410 4472
-3659 2452
2774 4893
1475 153
-1269 -2619
-470 2821
-2975 4825
3063 2185
-2140 1049
-368 -4870
-2809 -3230
1950 981
109 1877
-3111 4699
1349 -1770
3229 -878
-1878 782
-4647 2932
3164 963
1832 -4812
3452 -1759
4395 -3688
4290 105
-2479 -2441
2954 4471
3541 211
4543 -1351
-2912 -3569
-574 4516
740 -2346
-1363 4941
3437 70
3952 2679
-3968 783
3946 2898
-3245 2397
-3862 -2772
4788 -3493
2333 -1613
-934 287
-2143 -1315
-4503 -1522
2334 -1336
988 -2162
-1821 -3273
1572 2896
-2253 8
-956 -3302
-1235 1155
2481 -2290
-948 -4686
-3815 1270
-2457 -4027
2777 4876
-640 -3158
1241 3297
528 2818
-2147 -1060
-3519 3842
1779 740
-3353 -1650
-286 -606
4437 3758
1092 -720
991 -349
1990 -4958
-34 4254
2391 3588
-4774 167
3463 666
3089 783
41 -1384
-1400 2894
3635 1160
2814 1492
-2022 4462
-4080 2692
-66 -3565
2528 -2895
715 -1482
1756 -1217
-360 -2200
-1963 -2970
-3613 -658
3277 -4071
-3914 1365
1712 1127
-3941 -3610
100 -4228
2550 -1008
2265 -4472
-468 3185
4299 4467
-4301 2906
-3429 1414
-2498 4406
-3724 3221
-1715 -687
-4749 -328
4734 4607
1680 -4180
2050 -1609
1947 3109
860 -1875
3881 -1590
2118 2224
17 -2272
1488 394
-2806 2187
-1701 -156
-750 955
101 2535
-4733 1431
1037 -3956
-3100 -1914
-565 4926
-2727 -3626
-1949 -2767
-216 -3753
4457 4801
-1025 944
1273 2249
-1870 4573
-2908 2810
1453 2421
-157 -3447
1034 111
2985 4320
-4637 3091
3187 877
4095 -3462
2251 -2855
-1229 -1887
-529 -1772
-1008 4526
-4750 -4735
1774 -540
-4084 4945
-1652 2369
2366 3191
-5000 -522
-620 2985
-1203 -3351
-1915 239
4740 -2650
-2805 4914
-1112 -4476
-2942 2660
-283 2609
-3034 3709
2134 -1705
3974 -14
2755 -4032
1009 -3898
3337 -547
-4628 3338
3932 -248
2401 -1193
1402 -3436
-4875 2220
-1086 -1601
2133 2803
-1077 -4730
1541 3640
2879 3507
3428 1091
-3199 3480
4449 3164
-2184 3864
-1304 -1812
2201 -2373
4020 681
2513 421
2245 2638
-1281 -3841
-3964 -4148
-4960 1039
-2799 1581
757 -3842
1166 -816
3328 4046
-1257 -4518
4681 -730
4725 -2503
-1867 -1580
1764 -4666
2126 783
2094 -361
-3797 -662
-1645 1002
2933 537
-3491 -4867
-1804 3345
-3709 4362
-2471 4619
4487 2351
-3821 4167
-3380 -3018
-2258 -247
1482 4507
289 -1741
4325 2572
2598 -1241
-1427 -827
4230 -3495
-2283 64
-4839 87
-295 -1088
-3881 1963
-843 -1182
3945 1900
4651 426
2485 816
-4888 -2227
-4846 -4485
-726 -4
-918 -418
2580 -129
1399 -4704
4936 1561
383 440
-4671 -3834
-4570 -2472
3129 -413
1346 3153
-2435 996
-1422 -4951
-2109 -231
-1098 -1955
285 325
-2046 -4363
-3600 2036
220 3980
-3093 -3382
-4645 -2079
3179 1817
3361 4588
2984 4870
-2885 2191
535 3461
343 4180
536 -5000
-4693 3427
848 -791
-2450 -3868
-4387 504
-3230 -2987
-1382 1990
-2929 1604
4687 -1495
4525 3945
-4678 3964
3532 3306
3833 -4354
1575 447
-4815 -2003
-374 721
-2003 -67
226 3845
-4779 3855
-3944 -4166
-642 -1095
-1074 2977
-3027 2076
-420 -3341
-4419 184
-4397 -3018
-853 -4787
-4713 -941
-4141 2941
-4416 -2876
-4063 210
3924 13
-3779 229
-63 -3558
-917 993
4898 3360
2497 -2051
1515 -1845
-392 3175
4418 1291
-4844 -356
1504 -3478
3703 3443
4463 -4635
-4434 -4600
1654 -4432
413 2875
797 -4651
-4604 4881
2421 -170
4401 3397
-1810 2976
-3655 4705
-3870 2033
3958 -4452
-1677 4114
192 -4095
-4365 -27
4348 -3824
1417 -4008
-3424 -1930
-3439 3069
-4056 3437
4497 -3660
3317 2997
2250 3796
1393 -4561
1771 3818
-3778 3981
850 -4821
-4393 -4749
-4629 799
-3844 -3994
-3150 -3417
-1739 3267
-2425 -162
-2585 215
-1015 -1641
-1348 -440
779 -3032
-2444 -1972
-4236 -4972
-454 3614
4925 1847
2594 1853
3105 3201
3183 3476
78 -4583
-4440 3007
-3000 -1179
4738 4767
4791 -199
-1874 -1558
1490 -2004
-910 3333
-897 3636
1561 -460
-3042 -335
-1181 -3781
-781 3898
-3363 -221
1904 -1363
4679 -744
4292 4417
-978 -4839
296 3227
-318 736
3210 -3829
4812 -2701
4504 -7
-2987 2529
-4901 3574
-1853 -1864
-1762 1966
863 2072
-1686 -1154
-4292 -2007
3102 -3921
-1512 -1798
-3760 4863
-3571 922
599 4639
-1983 2676
-4598 30
1283 -3420
-317 4430
1396 -4849
2536 -1663
2223 -4151
2183 4010
-79 1363
-4912 4488
4566 -3672
4351 -4006
-3289 423
-2484 807
-823 -1003
-3084 -4540
578 1599
4890 -3627
598 2364
-3476 -788
-3220 3747
62 -4959
3835 -3939
1405 3924
-3372 970
3085 -4168
-997 -4400
1640 4260
-403 4635
4720 -3747
1233 -4313
-2374 -2091
4131 -850
2122 -4090
-4049 -2190
402 3435
-2188 2030
-596 -1937
4087 -1475
-2277 2171
3850 -2924
2064 -474
-3290 2862
3550 3406
-1991 3759
-1366 -3791
-4253 3689
-2423 -4048
-3788 389
2982 1695
-4780 -2747
318 657
-4942 -832
3812 2122
4773 -4479
1063 551
-4379 691
-551 4749
-160 196
4052 -3987
1959 2011
2471 3258
4265 -2212
-7 4323
3035 -1196
2523 2807
-675 -1415
-1642 1025
4276 4472
4655 -197
4220 573
-3923 3735
963 -4871
-4174 3383
-4608 3307
3785 3430
1687 -418
-4878 -2242
-17 3157
1562 -2495
2043 -3035
2170 -4600
2990 2524
-4050 2645
-2673 -4830
-704 -1596
4984 -4742
-388 -4190
4721 5
4117 4584
-487 513
1918 -3800
-4906 3119
-1042 1156
1275 -3401
4741 -604
-1436 1910
-204 -3446
512 1826
-4723 3918
3075 -427
-1599 3058
911 3013
4947 631
1293 2531
655 -1790
4810 1829
-3672 -154
-2016 3683
1445 -1197
-1922 -3912
-3209 3954
-2358 2304
1858 -2081
1221 -68
2492 4622
-932 -519
2635 -985
-3810 -3270
-4661 -4110
-4307 -4852
2719 -1899
1074 -3218
585 2019
-315 2377
2051 2327
759 -1092
-3676 -3021
3840 4896
-2320 -1013
-624 -4686
3002 567
-1877 -2842
-871 -1537
-1952 901
-1389 -3154
4002 -4237
-293 -2058
-639 -4709
-3960 4046
3747 3091
2452 -495
2564 -2004
-4172 -4757
1983 1284
-3364 -16
3221 2058
-2042 -2088
273 -1961
-246 4980
981 4115
-3651 3100
4240 -4904
680 -4653
2624 -1757
-1657 4532
-435 -3595
815 1201
1389 3744
-2961 689
801 -3661
3037 3759
330 -612
-3203 -4916
-633 3858
1957 -4405
1891 -774
3365 -2429
652 2068
1893 3996
1599 -3542
-3521 -2587
3738 2868
-2765 -4224
-365 3036
-2884 -1250
2873 3525
3138 4671
4688 -1417
4607 4966
4300 2642
-2053 -4996
-4082 3599
2072 2812
3673 -251
3241 4086
4099 -4525
4863 -1267
3511 -1943
3563 2462
-2340 1700
3211 -2652
-4717 2817
-2687 -4339
1538 -1048
4009 4485
-1044 4928
3083 -2894
2739 2835
1855 3087
2986 95
2172 3163
570 3113
-3104 159
-3831 -3463
-2379 -1170
3237 -4169
2257 4599
4728 4570
-3662 1265
-400 -4653
749 3557
-4726 -90
-4338 4092
-2256 3597
2178 -3191
-1309 428
4972 -4660
-1459 -2054
499 789
-517 4199
-4303 -1201
-3891 2954
-1603 -4164
3180 -1798
2241 -1072
-3242 3594
4917 -1501
2685 -1260
-2905 941
549 1866
-3632 520
4546 -1217
-3223 -972
-2018 -2526
2827 170
-4572 -2697
2085 4030
4197 264
-2769 1437
-4730 68
30 -4814
4647 -2286
3607 -3899
2153 1891
2090 1698
-4326 4946
-3196 -265
-2581 4632
4905 -1074
-1987 1989
-965 -2791
-1669 2345
-2587 -246
-134 -2941
3547 4872
-121 3280
-4576 -435
-4541 2577
-3545 3628
353 -1792
3573 2158
4022 -2929
2868 -4996
997 -3041
1993 -4969
247 -3598
3456 -29
3 -4132
-4197 4870
-4181 4964
4787 -3757
607 -4755
4900 3142
3874 1331
-433 -4629
-4405 -2566
-4625 2672
472 3448
2703 -4282
-4072 2237
1768 932
1880 -1811
4078 2699
-768 3864
-4980 4839
4110 4920
2980 4062
1251 -4592
2586 -3104
-3142 4261
-669 -2767
1932 -4119
-3241 713
-2050 4447
4699 -2867
3097 2657
355 -4367
1038 1454
-3450 1226
1374 4531
287 -1297
4939 -1049
-1789 -3992
-2031 2947
1935 648
-3287 -4037
94 -3589
-1904 -1810
4068 4498
-3557 501
-3791 2481
-3046 -2240
-1294 4407
-2710 -4929
-812 -1693
2261 3313
-2047 -2632
-4388 922
-3607 2547
-3431 -1894
3510 1664
596 -2315
-4068 742
1000
-1739 -2625
-2679 -529
-4066 355
2231 -360
-239 -4401
790 -4972
-15 -4109
-4106 -2755
-4718 -1153
692 -4106
4770 3165
3442 -2583
-2651 3030
4081 4025
-3207 -3908
-234 55
-1533 3167
4526 -598
-1479 2835
-4880 4361
4513 1990
-4533 576
2881 -3639
2821 3163
1288 -409
4057 2136
-1166 3577
4553 1184
2686 4713
208 4479
-4196 -3948
-467 -729
4219 137
4752 -1182
-950 -4049
-742 -1438
4020 -275
-4784 1900
2166 3037
1141 -1547
-1293 1276
-3333 2541
-147 -3781
-197 -2462
-4069 -4990
-1905 -2186
-2858 3708
3165 -3640
-1156 2916
1258 3974
4946 -4485
-2465 3965
1319 -2248
1943 -1516
-3133 -838
3016 1653
-4562 4683
273 291
-3019 -4925
3908 -1009
-3835 -2998
1806 -1693
-4291 -30
746 633
-1036 -2997
-394 -1090
-1403 3220
-1047 4917
-2950 -3025
-521 -3
1137 -2505
-3351 1575
-1744 1922
-2056 237
3077 -3149
4229 4242
-67 1034
-2452 642
-3997 3294
-2647 1046
-4703 1959
4956 -27
179 -12
968 3308
1963 -4553
-1696 -822
-979 -46
-4247 2277
-2046 -224
-1407 -3970
1628 -1100
-3650 -3440
4934 -1102
3281 -2985
-2808 -4366
3061 -1432
3672 4096
4620 -71
162 588
-1763 -1797
2114 1541
2381 -3866
-2427 4213
4490 528
-1011 -1918
2637 -3305
1982 3988
-666 2994
-2115 -2386
-3913 1156
-673 -4773
-4198 -922
4323 -4578
4007 -516
2089 -1678
3766 -798
4864 1146
1415 -2564
1438 904
4043 -4574
-4935 2759
-2879 2047
1746 2534
1120 -4291
-3774 2207
2945 554
2434 3747
-4290 2835
-4753 -4205
-1603 2336
-882 -2838
-2384 60
4388 4031
3575 825
-65 3697
2330 1079
1455 4451
-796 -1800
3063 -4677
-1091 4289
3610 -2068
921 2122
-3321 1631
1036 -1995
2427 4433
-3580 -2377
-2326 -964
3762 -2939
-854 2336
2886 -4841
1032 215
1238 -1435
744 -4559
1765 -1194
-3156 -3247
-827 -4547
-315 -4906
2575 2443
1725 -311
-3473 230
-878 -2053
3932 1796
3062 2693
4936 -2793
1108 3900
-2634 -1782
193 4683
1784 -2985
-4876 -373
821 -1953
1380 -3928
-1500 -2856
-3834 -2847
-4335 2892
1843 -2808
-800 -2957
139 -789
4918 -720
-3097 4853
1487 4090
4831 4933
-2692 23
4615 -4830
2038 -4183
-203 -1063
-1136 -3823
9 3443
-600 1176
-3325 65
146 4597
2258 -4576
-3361 -1525
-365 -3444
2755 2618
-2513 321
1707 -2683
1332 -4907
2340 2025
-4737 456
3922 61
4393 -1136
2317 -599
-2693 -3284
-3345 61
2860 1801
-343 117
3305 1296
4672 -2061
3931 3505
-4444 -3583
-96 3343
-187 -3765
3436 -1769
4340 3700
3687 3261
-1240 3079
-1797 -2845
-1442 1589
-1129 1293
-828 1306
2927 -2524
-1320 3677
416 -1311
2181 2051
1185 -1836
393 -4003
478 -1171
-772 -183
-1393 -2086
-844 3446
-2929 2360
-4400 630
-1052 550
-1999 598
3359 2173
-2018 1285
4650 2742
1040 1144
-3570 -700
-1806 2616
2464 4667
3613 -2059
-426 -1080
3838 3181
1834 -2007
1626 4985
-3569 3305
1693 380
-1146 4694
-2944 -2788
1866 1117
4577 1515
-63 616
-2342 1368
4916 1932
62 3458
1598 -247
-2522 -3829
3673 -3685
-4570 1586
387 3135
1570 1819
1439 -659
-1723 -3629
-966 333
-338 -4101
-2472 317
3494 2466
-2988 -2770
-88 -1994
4162 4974
-3536 1838
-274 -1058
4088 -522
1336 -4404
-3937 -3278
3731 3712
3541 1248
-1948 -2104
3698 3165
4308 -1640
4064 -3164
4756 3636
-4620 -3233
-4134 292
-226 -3894
265 2317
4024 -3931
-2663 4190
547 3673
4787 2689
-4606 3517
2479 -4986
844 -3391
-2090 -459
4774 -2782
2901 4917
133 3736
3552 513
-4498 -4504
-2318 2148
-1329 -2216
3217 2087
-3027 -157
759 -3241
-2469 2233
-3645 -3911
3326 3278
-2302 -3765
-2182 -2528
-468 -3202
-4467 -1903
1256 -3965
-1406 2060
2391 2355
286 -2860
-4862 -1497
4228 -2889
3346 1065
-50 -3045
-1703 2384
-1956 -3378
661 1822
-1063 3479
-4628 4548
-4724 -1161
-4709 -3112
1936 1547
-2076 -3392
-314 -3607
3963 -3950
-388 -4821
-447 -1161
-1630 -1023
4905 3320
2012 -720
1782 -3866
2956 -4082
-3001 4407
-3456 -1645
-1755 -3165
243 -3740
4462 3167
-1053 226
-4362 -1011
1276 251
-832 -3092
-4832 2538
1964 -3849
432 -1283
1189 -1508
1159 223
-590 4238
-370 2033
-2408 2875
3869 2835
-4787 4409
2081 -839
-366 2719
3150 -3012
-952 -2683
-1104 -783
1447 2870
914 -2043
-3413 -2898
1449 3825
2326 -4142
3971 -4347
-4092 2839
4568 -3878
283 -962
445 -1568
1026 4494
1828 -3999
-211 2762
-2060 -3765
1711 4933
-807 3298
-2965 -4359
3201 -4561
-2421 2342
-1527 -2372
4074 460
-3455 3641
1582 4871
1367 -2057
-1092 -3188
2454 -3988
-3695 361
-1908 2173
-1878 1032
3408 4833
965 -1321
4209 4079
400 3489
-4404 4058
830 148
-3315 982
-4393 -1770
702 3269
-1900 -2932
-2710 3087
-1120 4745
-4823 1264
105 -1730
-1564 4306
4302 -2077
-4783 1345
1602 4426
423 -1920
2914 1019
-2863 -178
-2755 -99
-3117 -2147
3131 2585
-3879 -2691
4653 -510
-3526 -388
-766 -3348
-3046 -4583
1001 391
-3353 2073
-4556 3149
-4847 4438
247 -1631
338 2492
3271 2221
-3577 2480
-195 -1377
-4132 537
3114 -2658
-4852 -1574
73 -2898
3572 -354
2455 2964
665 -4820
37 2188
3329 1269
1625 -346
4638 -1958
-2854 3987
-4738 -352
1467 68
3272 2335
-3317 1385
-4245 -3169
4811 1908
12 -267
2981 -337
-4543 1514
-2374 2201
1694 3742
468 23
10 -1829
1213 -2099
-287 1476
3629 -3821
-2378 1900
4593 -695
-1716 -3573
1136 -827
3335 -2774
4986 2394
2968 -3479
3723 -4399
-4586 -810
1703 1504
2361 2459
-2770 -1426
-3562 1943
-3872 -4934
4202 -1250
3045 4873
3055 -3672
-3701 269
1581 -4288
3574 2645
4186 1542
4166 -1907
3215 3967
-227 3629
-1844 -2445
132 -3404
-4987 2362
1249 -2470
384 3456
-1324 -415
-2795 -3280
-543 -4741
-872 1836
1607 -3213
2548 180
4432 1733
-3279 3597
-4096 4936
2564 1757
3565 -3202
4312 -225
-527 -4597
-1784 -3200
-988 3600
-4745 2688
-1816 -2540
-4513 3720
-1202 -385
555 -4596
1402 -818
1664 1912
-3007 3385
1587 -1023
4400 229
-4267 4043
2028 -3877
-1183 -2421
-3474 3112
-620 1617
-695 -4027
3175 -208
4694 -3028
-4515 1327
-1544 2966
-123 -1419
4583 -3537
2558 3982
2772 4370
3024 878
-4508 -2080
3457 -2982
-3969 -1085
4714 2743
3551 -982
4795 2804
4889 -4434
-4146 -3548
1894 -690
4418 3481
508 373
-1860 91
2916 -3224
151 687
-3855 -1825
-3436 -3363
1095 -3901
-266 2126
15 -552
947 -356
4545 742
-2553 -4488
1308 -1699
-3036 -720
3691 -2539
-1160 277
2834 1980
-3554 1828
3757 1598
-2486 4902
-4149 157
-2382 1946
1257 2352
150 -3729
-2122 -3903
1994 -2577
2918 4441
-2065 304
-1180 -101
4585 -1411
2360 -497
3867 1273
-3518 -3609
2989 615
-2702 3840
-3150 -84
1864 3107
-1654 -2986
-4544 1225
-810 2450
3648 -1814
2969 -3418
3490 -3211
2560 4153
1457 999
-1345 1402
-2729 1217
2794 1450
2534 782
-1857 -4090
701 -6
826 -2436
657 -364
1476 -4075
-2915 1202
-889 -4946
3863 -1320
-2078 1422
-2168 -4543
-1501 1488
1860 770
-2296 732
-1701 -3684
-3487 1442
-2773 3293
-3565 4132
-3064 615
4383 2593
-4750 1937
4598 -1586
-1862 -1292
-453 -3000
3467 3548
4502 -3701
4006 -2000
3866 1944
4850 -2352
-2325 -1852
4590 2270
-361 -2896
2719 1863
246 4048
-1200 -157
-1460 3017
4631 3088
-4983 3097
2714 4519
4396 2798
820 -1554
-3013 3495
1594 2031
-159 2263
-700 4480
4367 -3220
1054 3164
3644 -2622
2211 -1478
2222 -3171
-3462 1852
-4005 -3445
-52 3710
-2848 423
2586 750
841 -1594
-4726 2829
-3100 2948
-141 2820
210 -4763
3378 655
-2982 510
-1182 -3260
2889 -2893
262 110
-1064 2879
-1960 -68
-4487 4067
-280 -2335
-511 -2695
4494 -3591
711 -4153
4238 3691
3795 175
1510 83
1491 -112
-4263 3509
-3524 -445
-3673 4365
1662 2668
-526 -4403
1608 1060
4804 -2852
-1367 4298
-364 -4578
-3777 -1127
4113 -4983
-4874 1702
100 1618
-2332 837
1205 -856
-4609 2533
-1491 3132
200 4062
3729 -3175
2655 1416
2885 314
2743 2689
3065 -1823
-2123 4288
3129 -3011
4305 3256
952 -2563
-3681 -1765
2661 -2211
-3154 -3831
-4080 3126
-3691 -4273
4951 3964
2143 2836
-723 965
1603 -1103
3419 -333
2074 -3705
-1046 202
-1715 -663
-464 -1946
4820 -3434
1571 -2783
881 -769
1085 2727
1479 3084
1931 2788
4890 1882
2831 3112
796 -1814
-924 -2602
2083 -2506
2065 235
-1210 -2903
-4563 3154
1434 1052
-3793 1253
4549 -422
-1913 633
-1617 4566
-205 -4686
3433 -316
2196 1263
-2205 -930
4449 1871
1468 2611
4366 -1468
-2155 -766
629 -639
-2613 -1859
-3508 -327
-4528 -4811
-1470 -4980
846 1617
1732 4229
2262 -3474
4543 1773
2289 2817
-886 -4916
-3114 -1438
3034 4433
-2749 3478
-957 97
-2289 -4250
4458 98
-1109 -4051
4772 -637
-2783 -1699
462 3063
-4004 -2807
2292 4337
-202 2913
2188 -2913
1809 -3699
-2829 4774
943 -3717
4207 3194
4762 -1751
-1710 -2528
-1000 -2252
3650 3970
-224 3421
-1667 1994
-2200 3795
56 -125
-2933 -1574
291 1865
-2582 -2522
3952 -4695
-1220 -2799
-4922 -4199
-1515 -4637
3995 -1754
-308 -2715
1797 4771
1112 446
3740 -4113
-55 -1849
3960 2745
-3054 -984
-1301 -987
3521 3990
-3044 -4062
-2454 -3013
-2678 2405
-812 -1520
3206 3752
-1157 2201
-1924 4614
-4436 4874
4384 2755
1398 4203
3642 -3657
-4834 378
-1225 -1135
-4531 -2705
-1067 -2574
-687 1480
-587 1635
-1116 4680
-4886 -1831
3432 37
-4631 -2414
-350 -2988
-1462 113
4767 4937
-685 4487
-2642 1668
3167 -1397
-1875 -3059
2469 -1406
-763 -2520
1020 4629
2342 -1077
-3809 2457
2092 -4299
-1428 3540
-634 3222
-4449 2905
-1666 -4683
3920 3728
-4118 -2644
1475 4050
959 4600
-4010 -494
-1807 1306
1987 -4708
2013 2025
-3197 -645
-2974 -927
-3189 -4804
853 383
3736 -4781
-317 -4635
4203 4097
-3239 3122
2824 -2356
-3444 -702
-2228 2515
-1103 -1238
-2979 2091
-3853 -4914
3462 3160
2111 -4736
-662 404
4334 -3731
-3135 4149
-3512 1549
-4408 -4310
645 -1567
4891 -453
2156 -3554
3846 4928
-4960 -2258
-1311 -1860
-4089 915
-1774 4373
154 -4664
-4284 2668
-4448 1133
-849 -4035
2402 1016
-3808 3891
-1357 -3216
-4341 -4634
1296 -3371
-86 -1549
-846 -1241
-1622 -806
2580 3147
2334 3492
-939 -4441
3943 4215
-3025 4659
2962 -2473
1870 -2888
-1508 -728
-759 -2150
2608 3130
2295 -3238
-2033 -4328
956 -4453
3819 -631
-4883 -1041
1007 -4862
-748 2982
-4124 -1708
-4491 2746
1483 80
-2983 690
4765 2337
4619 3391
-1684 -2166
-2767 -4077
-2957 -4394
-2315 10
-3721 4721
1636 -3824
168 1753
1214 -3826
2971 -4534
4157 3847
-163 -4256
1592 -3680
824 4689
3089 1667
2025 2707
57 -3581
-3381 2291
-2657 -259
2897 1107
-4170 -4746
1906 2466
298 3724
-4732 -1517
-2886 106
-773 4785
2505 -3871
2797 2577
3996 997
-4857 -2583
-4262 4120
3525 -3432
4374 1509
4034 -3117
3583 410
-3314 -2091
4757 -3046
2471 -3130
3139 -2224
-2266 643
-1095 -1715
-3765 -2220
-3060 -466
634 -2985
-4469 1856
-568 -2652
975 -965
-1084 1428
-4456 -972
4390 -4795
-4483 -3925
-891 -2258
-1777 -2753
1597 957
2891 -4499
4242 4126
-1718 -2739
-261 4995
-724 1349
1850 4787
3697 -1096
-99 -1309
-3590 1524
1729 3236
4589 2063
4310 -2583
3768 2200
-1003 4088
2405 3358
-3652 -2857
3352 1703
4571 1281
1490 3267
-4816 -3610
-3043 -2327
-449 721
-4931 2505
3800 4658
646 -380
-2532 -44
3116 -2686
-1766 -2888
-3599 -3283
-4530 -1171
-61 4901
-3390 -491
1181 4179
-4884 -4361
2645 -332
2439 3793
-1749 1238
4529 3898
-68 -4949
389 4245
-1757 2869
-4038 -1287
-2224 901
-1387 -613
-4590 4795
-356 -736
3317 1292
-3846 4513
-820 -630
4749 3510
2407 -298
-2649 -2662
-247 3819
-3417 2996
2766 -1376
1000
-2213 -4458
-4397 2480
1008 -3987
2274 -4349
1357 1669
3022 3590
1181 -47
4546 -3561
-4599 4294
4950 -1834
4649 3435
2868 -1922
-4227 -1300
-3104 -1565
-2226 4662
3138 1641
-3718 3741
-880 2290
-4167 -2528
4021 2190
4141 2042
1858 322
-1927 2482
2840 -1526
2854 2789
2720 2502
1224 587
-3342 3076
-4635 -1446
-2411 -1860
-706 -4274
4781 1656
4467 -1100
-1055 -4701
2451 -956
3568 1591
-3914 1504
-2009 -841
-1015 -4169
3713 -2083
4699 1432
-4582 2001
-1903 -2924
76 -1537
1709 3744
2682 -2918
4470 3541
3738 -4985
-1481 -1239
-4686 -4031
2806 4962
2560 4971
2544 -3370
208 -2392
-2539 -1080
525 -1762
-3570 2023
-4761 -472
4099 1394
2991 1887
138 1751
-4953 -393
291 4864
701 3810
-1376 2095
4779 -2492
2056 3417
-1443 678
-3875 3766
3286 -1414
-1236 -1189
2904 195
-4199 -3990
615 3792
3976 -4248
1621 4023
1439 -3089
3886 -2861
-3201 -1411
-4688 -2344
2176 2368
-2849 -4267
-875 -1723
-4423 -2590
2942 -659
2300 845
4536 4212
66 -4664
-4778 -3240
-4794 4198
-1409 2906
4300 -4971
4817 4264
-1752 -2306
-2148 -1440
350 -4972
-2993 2502
-3160 2211
-3143 -2583
4621 4799
1758 3000
1723 2373
2211 -3212
3788 2433
-373 -4927
2710 3219
2979 3088
3248 3875
2351 -2426
-3432 -4797
2214 2998
-3690 -4701
1578 -1850
2510 3435
567 3209
3233 -2676
1208 1034
-4225 -1581
2823 4564
-3070 -2551
4637 -4282
-3254 3694
3806 4995
2568 1157
-1353 4137
2439 -3061
2134 3749
-2762 -1289
-3102 -4174
-2855 3544
-4886 -3544
-3054 1322
2491 -2278
-4181 1392
-1636 -1171
4920 -2000
626 -3334
-3307 -568
-2261 -4660
-3333 2465
4477 -4816
4405 2689
3933 -2279
-3601 -3091
-3469 -259
2158 -1523
-2859 727
1199 -960
-1803 -4359
2869 -1883
-280 -1506
862 2493
4005 4680
2833 -3250
2144 2309
-3066 2627
-3 -3055
-4652 2475
-1146 1054
-1824 1464
-4206 -4667
4942 -2065
1061 2219
1975 4258
2861 922
-1547 -2420
-4505 -4607
-4928 4500
-3750 3296
1292 -737
922 -2633
1209 2349
4842 -3859
-1598 -1983
2606 275
-570 2547
3211 -3431
844 1264
-3095 -1296
-2814 1438
2364 -2319
1831 3515
-1741 2983
2499 588
1278 -1210
4852 -1722
2237 1060
-3294 2078
2201 108
-3826 -194
-3538 1683
-1569 4673
3252 4276
2015 -3765
-942 -4721
2673 -3579
-2040 -496
4937 2299
-1435 2435
-2114 -4079
-2697 -2263
-801 4540
3797 905
2697 2077
-2908 4950
-3118 -367
1632 1393
-695 962
668 -2602
2197 4726
-2322 949
-2774 1717
-985 96
-3246 1902
1017 136
4639 -3706
-324 4515
3279 -1549
1591 -3551
-521 4552
1082 -2811
944 -3535
3151 -3389
-1137 1426
-2584 1541
-2626 721
-1742 -1095
3962 2273
4001 -3206
-826 1096
1930 -108
2391 -2316
-594 669
1135 -2925
2118 -4387
-3374 -1801
-2198 2571
-336 -2969
-4740 4606
4537 -2324
1147 -3090
4476 -4517
1895 4516
2756 1974
-3691 -1991
-1930 3240
3980 -3461
-4077 -536
2208 3138
1539 404
4830 3165
4682 -1289
735 424
742 996
29 278
4751 -3825
3268 4227
4821 -4507
-2865 -3870
-419 1284
4370 -361
4103 1109
4509 641
-3488 4339
-1195 -2728
-1951 -4381
2696 4870
1615 -2275
1227 2444
-21 -506
2749 2717
-4266 2570
4289 -1052
3700 -1131
-4768 4148
3508 4134
-4482 3689
243 -4973
-671 2834
-4556 4213
-4894 -428
4832 2802
-559 2525
-4474 -3254
-31 1585
1240 -1204
-699 3053
-3635 -1411
-2999 -3857
3537 -2767
-4710 3123
-3634 -3112
1811 2688
-2006 -2782
522 -1562
4089 -3738
-1571 -392
4866 35
1355 -166
-2302 -1327
4710 1999
-3274 -3926
-3334 -1273
-1703 -4798
2039 -1413
3325 3405
475 1214
1093 3469
3432 -2307
-2015 -4060
3321 -2927
-1719 -2172
1682 -1853
3942 -885
4060 -3361
2788 3769
3638 4514
-4078 -3618
-681 -781
-3416 -3643
3885 -4013
-4159 439
3280 3013
-1093 1711
-4295 2972
3731 4026
-3877 -2989
-3147 3884
158 -3126
-2002 297
-1487 -4214
-935 -1770
-3622 -13
-388 698
4206 2276
3134 3091
3263 3975
-1471 1543
1987 3515
-668 2692
2565 -859
2796 3689
1153 4650
2572 -2611
-2398 -4430
2686 1115
-2565 -3249
-4577 -1187
2817 36
-4411 3102
-1610 3724
2271 -3348
3777 -3122
4274 764
-4608 -315
-466 4037
4905 -2670
2725 1057
-1942 1375
4526 660
3024 2211
-2147 -4542
-4960 -1723
351 3937
4392 2019
2038 -2219
1821 -692
512 598
1186 865
-2560 2657
-3372 1974
1693 -3468
4304 496
3669 -1560
-2050 3194
4100 -4027
1483 -3047
-2489 2603
1309 3941
2618 1779
959 -345
4560 -1141
-4959 1150
-4465 2306
-1907 -2025
-38 -279
-3973 -2266
2333 -3590
4309 1001
-150 -2742
273 -1050
-1768 -2166
1982 743
-3485 -1710
-317 4133
-4932 -3280
-1213 -4294
579 -93
2935 1114
-2788 -3972
-4833 3254
1828 -3805
-2934 239
-2395 -3626
-2682 2455
-1367 2591
-2517 1865
-3496 4465
-1314 -1981
-1167 4448
-2848 -20
-2754 2018
686 3905
-3075 -300
1097 216
1807 1265
-1531 -1366
3539 535
4953 -3857
2989 -2730
4677 -3379
4862 -2840
4565 -3635
-2297 -671
-616 1537
-145 2615
-3484 2101
-367 3282
1005 1558
-940 -2898
4446 1322
-2065 531
-4795 -4077
2802 4882
-1377 3742
-1880 -734
-3815 1903
3595 1648
-1561 -1551
-737 1034
-4450 3896
394 2634
1532 -4468
-4186 4384
-3602 -4741
1784 3057
3243 -4202
-1413 4527
-2200 -2533
-4513 1424
-3792 -314
-4311 -1528
-3412 -4637
-4880 1106
-1188 462
-1781 441
436 3613
-1925 -1954
4146 -1111
-1492 -3378
-851 -4708
4679 -1530
-2831 -655
-924 -31
1812 -437
-2529 4100
4249 -1839
-2429 -4163
-1476 -1230
-4690 -3760
-1144 746
-4068 3010
3792 -4923
-2222 2126
-250 -1464
-3325 1919
2881 751
-2034 771
-3608 438
-130 -4360
4678 3521
-2444 -720
-1631 -3343
-2306 -1320
-2103 2629
-4496 -1171
638 -4625
-15 2537
-1246 2764
741 3504
-3701 2416
422 -4742
-755 3388
1029 637
-96 -3022
2357 -419
-4502 -4009
3861 -54
-2352 -2366
3626 546
-4738 -4791
4375 901
-4416 439
-484 -662
-1798 -4744
-1080 580
3752 4342
1917 -2004
3808 -2055
4713 -1288
-77 2069
4372 1500
4139 3233
-3554 -2134
-4134 -3850
3412 -2793
-3641 3865
3108 -3057
382 -2377
2360 4663
-1041 -3721
242 -2290
-3301 -1763
1785 -3414
2262 1497
1377 -2816
-356 748
4764 -138
-1020 -2712
2728 925
-1562 2218
3133 877
2161 2319
3899 -2457
-3979 1259
-2795 1059
3617 3527
3769 -3605
-3237 1632
-2019 4025
-792 4358
-2712 4931
105 -1870
-208 -4836
418 -2481
2168 4935
-4185 300
811 2977
-1302 -290
-3402 -281
-2953 -118
-3144 -4337
-1592 -4376
-2942 1251
3335 39
1354 -2458
-2527 -4420
-2150 3344
-3177 3268
-3058 3991
3203 -2243
370 -987
-3188 4068
4802 -1590
-135 -3152
3293 1721
-2488 -2221
3424 649
-4892 2837
-3233 1463
-4621 2242
1183 -1069
3901 4034
-2726 -4277
2301 -784
4715 1582
3053 84
-3326 4865
230 -3525
-646 -3827
-597 -1275
3973 2994
2583 2396
-1358 2692
1311 1488
-846 1690
-1270 -4664
-567 2750
4269 -853
410 3400
-4691 2084
3265 1618
2791 120
2422 1763
-1887 1083
237 2834
-1226 -3453
-678 2928
4317 3052
4344 -2906
-3240 4792
2147 1193
2541 2495
-3582 -970
894 -2194
-2808 237
4424 -2091
3934 2214
3029 2434
55 -3859
-404 -3630
-2082 -624
2377 -1687
-1494 1720
407 266
1511 -1367
-2462 131
-3873 -1044
4161 3100
1763 -3648
-584 2265
-738 -572
-2059 -4388
-489 2537
-3017 -435
906 980
3941 -1718
4293 -2554
-4999 778
3791 1513
4411 -2593
-3357 -3384
1364 -3118
4717 -795
-1766 -868
-2452 3575
-3056 -2421
3719 1455
-4885 -4299
-2902 1022
1681 -2883
642 -4616
-2171 -568
2976 -1681
2919 -4303
-65 361
-2421 730
4566 1892
-4060 -2887
467 -4421
-4781 2411
-1842 -4984
-56 -1726
-4283 2042
4296 3477
-4763 4678
528 879
-3860 4436
-3611 4116
-2246 4308
-4109 2690
-332 -1530
-1581 312
-3559 439
3505 1908
1018 4803
397 4176
4819 -3581
-2551 -3386
4540 -2177
-3831 4777
-2499 2776
1734 -1359
-1164 -3956
3510 -273
3734 -744
4277 -1769
4569 -4283
3670 4152
3704 766
-4968 179
-58 4851
1598 2391
-2457 1137
-3707 -1288
1992 -1206
-2434 -1275
3514 4777
-3153 -1572
-4180 -3565
3156 -4368
692 3511
-57 1339
4228 -309
490 4010
-4543 522
-812 1478
1451 -4215
-1132 -4928
3001 161
-137 -8
-4967 2429
3717 4627
2205 -3358
-1946 4105
-1922 -2712
-4202 1837
1187 -3896
-3472 -3324
-4887 -1936
3277 -699
4542 806
1165 -512
878 -835
-4272 -4260
-4765 -3160
3169 3952
-3534 1452
-4406 600
1635 -249
3967 2451
-401 4766
366 -4215
-3052 1894
-1460 -2938
-3964 -2105
2442 -3344
3701 -314
2224 657
4930 2952
2476 -4835
-4130 644
4117 -1584
-1826 -4211
4016 4810
540 2982
3339 -3783
3826 -1296
-2998 -3147
-3323 1621
-1085 -1208
4516 -2565
449 4295
2121 -1249
1030 2051
-3298 -1495
3295 -1349
-4773 2411
2067 -1598
4280 2161
-710 -181
1222 -1293
1037 1126
3490 4118
1818 -2028
38 1333
408 -3435
1707 -1393
316 -2264
-3264 3097
2321 -4970
-2174 2548
3521 4894
-2972 2800
2054 2397
-1303 -646
-2818 4734
-4520 -4328
4931 3459
-2004 1748
-3569 3034
-841 2918
-4323 -3056
-3476 2072
-319 -660
1247 -2999
-4373 -1031
-4955 -2344
-3232 2099
-3869 466
-3547 -1686
-1014 2287
-3530 1982
-966 -2099
1095 4273
-3103 2851
-3784 -1578
1002 1976
3841 -2752
-4945 -711
-2600 -4317
3259 -2555
-582 -3895
-4377 549
2650 -1845
3863 7
1167 -2152
-2707 2637
-4091 2407
-3383 2004
1679 -1486
933 3974
3015 -3066
950 2934
-817 1005
-2777 2662
1688 -3440
-4893 -3895
-1256 -4270
1655 -3606
-1115 1596
1401 -4949
4445 4773
3767 -3568
2179 -3538
4515 -64
-23 447
-11 -930
2382 -4062
-2996 -2357
-4696 789
1866 -3510
2973 -4391
-2780 706
-1918 1105
-2698 -4439
2235 -2175
-4666 2081
-743 3592
3543 -1229
-393 -1481
-4704 -4326
-3388 -4328
978 -2217
1501 -1078
-727 553
610 2573
-3742 4772
-244 -1440
-4668 -3009
2464 -3255
4072 -3280
-3584 2614
491 2102
2776 -4120
623 -4534
-2369 2023
-3822 4688
-4116 3759
-312 157
-689 -4703
-2271 1648
-4792 -3520
-4445 2672
-696 -4295
-4529 720
4398 2041
-2179 -2312
-1432 4531
2632 -601
3044 3516
-764 -2269
-249 3547
-892 3560
1273 -824
2124 2560
1735 3758
4463 1782
1759 4939
-1178 -4341
-2373 3809
-1587 2274
-448 2049
-3968 -2405
564 268
1406 -3607
-107 -4487
768 2076
3726 -2497
1912 36
-1458 1374
-2104 -3621
1313 2797
-1883 -4982
1605 1531
2292 1022
-1836 -3157
518 4713
-4458 -3077
-3894 435
-1485 -3942
2679 4283
4214 2483
-3215 2204
-1403 1406
-1422 1493
3865 -4031
4591 4358
4075 -2246
-2720 -2856
-2064 3571
-4201 -958
84 393
1179 -2237
-325 1471
-4755 1461
-1325 -1157
-3586 -2191
870 -2555
3757 1539
-2119 2831
-4628 161
-3947 3401
-963 -1011
3051 915
4110 -1866
-3693 289
1976 983
-2162 3301
-1478 1513
-2857 3546
923 -364
-2566 2381
-3581 4383
4826 -4825
921 -1214
4085 2372
3947 -3784
773 -937
206 -98
4978 -685
3036 -2636
-4318 12
4426 -1479
-1688 -974
-3888 1534
495 -1333
466 1400
-79 -2534
-4815 -995
4838 -4790
222 1689
-3410 330
1900 4627
3773 3662
717 3198
-1739 -4893
-1434 4968
-3043 -4860
-1365 3502
1540 3556
-4033 2804
-1360 -3116
4093 3862
3573 -555
4775 3346
-4132 4626
3086 1585
2771 -3876
1799 490
3076 -4636
457 -3889
-3417 -4830
-4308 3123
3727 -3341
2005 -2634
-378 2177
-2694 -1805
-3379 -169
-1642 -2526
-745 -774
-2901 -2659
-3111 -4000
-1313 4660
-2876 -4515
1228 -3722
-3071 -3316
-2610 -1488
-2066 -1918
-2286 -3340
820 -4203
2974 3490
-284 4595
-601 3074
-2932 3654
-1622 -833
-4006 1346
1246 761
2325 -2768
-5 -1883
-1155 4008
2278 2638
-4333 -824
3435 1851
-382 2488
1419 -4588
2082 -4183
4472 -2058
-4634 -3279
3384 1371
1000
-3831 709
4682 -3104
2120 756
13 -4036
-237 -1631
4681 1510
2546 4195
-561 -1758
1682 -4142
-1345 -158
-3325 -1781
71 -2775
2241 -4454
-151 2607
-1654 -689
57 -485
-4981 817
1412 2140
-2349 -2497
4183 2415
873 4943
3 -1582
4137 4442
2739 818
-3622 -2528
-4341 -867
692 1810
2437 -989
3435 -2715
-2304 -3220
1597 3832
1295 2695
-351 -2294
913 2300
1289 1175
793 -2839
2196 -3126
1658 1332
-2605 -604
-1772 -1227
1869 -34
3985 -1361
-3225 1422
3729 -3712
3707 -3576
-1932 1382
-3665 -4558
156 984
-773 -2853
-638 -4485
3322 -3766
-2324 517
-813 -4588
-2073 1582
888 1155
-3566 -1165
-2800 -4582
2474 54
1840 2281
1343 1626
4784 -4511
-914 -3882
-4069 4242
3181 159
-3611 -2457
674 -4211
-144 4430
2386 4043
4842 -4688
1704 729
2547 3138
4564 -4175
4635 3116
879 1475
1475 -1700
-821 1259
-1210 3265
2377 -279
3586 558
4880 4975
4180 554
-3158 114
1062 4228
235 903
-4381 -3062
-2289 3166
-3846 -1647
-4931 -4211
-2452 948
3343 4023
-4673 -2479
1360 -883
-3136 -1263
4917 -4551
-4627 4797
-3498 -4369
1429 -1655
745 -2510
-1349 -2942
4472 -730
-1003 -2818
-1486 1230
1615 -1417
3098 4163
-4390 1440
3185 -4063
-4961 -455
1133 -3096
4361 1049
-2647 -4188
1924 -65
-2478 -569
3280 4346
3000 -3070
-3597 2472
1201 1479
-4268 -4207
-2291 2347
-623 -4194
2588 -13
3326 773
2003 4444
-3604 -1865
-3653 -3165
-4738 -220
-1274 2187
4715 1248
1672 -4304
-3998 3075
4247 3282
-446 4979
4076 3342
3405 -469
-4774 992
-4404 4631
-2157 2599
4075 318
-3188 -4579
3232 -1847
1280 -3043
-3582 2073
4284 -885
1145 955
-189 3227
109 136
2587 -4259
114 1662
4083 -403
-2729 -4613
-4411 -2133
-4982 -489
-3456 4093
4830 -1644
-4408 3061
1510 1873
-3903 2928
24 -3541
-1879 -2752
3494 4011
-4526 -1398
-854 3061
-657 -4661
802 -496
-64 4152
-109 1604
-2981 -91
-3885 -1437
80 -4056
2999 673
-4917 587
-1376 -2741
-407 3648
-1281 2715
-4105 -1709
1725 -3631
1893 -3050
-4491 -2686
-2711 2390
1818 2225
1541 -2213
-1171 4639
3776 -56
-1798 -1145
1967 -2721
4528 2050
2866 -1849
-4612 -2542
-3201 -893
-3749 -1227
3477 2977
1222 369
-3995 1731
3762 -1706
199 1658
-4482 -2182
4445 426
-2543 4299
-3552 1738
-1846 3415
-4905 -1240
1544 2961
1912 1932
-3503 4790
-2883 -2251
-359 -4407
-3196 -4138
2041 -2191
3672 802
1103 -1130
-2541 2700
2768 -2018
-795 -3697
-2719 653
3041 1514
147 4215
-4727 -3310
2175 3264
4701 3672
4132 -2104
-2501 -1227
-432 -697
-365 -3392
2112 -1693
3489 -707
3256 -2974
-1928 1023
8 2277
2326 3368
-2071 1445
-119 4155
659 1234
-4156 -1088
-503 -3377
-1337 -1371
-481 1162
3481 4087
-3227 3656
2501 -3660
-972 757
-1634 2100
-2142 4454
455 -3737
3900 4463
3787 -140
3618 525
-3907 4462
4437 590
-2836 -1901
-4703 2762
-4660 3778
2928 -3116
-2028 4701
-3382 -4528
-2880 646
2308 486
-1176 -3755
1018 4279
-2492 -82
3742 -2627
4778 2359
2898 -3051
2899 2335
2539 -3859
-3488 3916
3904 -2069
2693 1831
-185 -3257
2610 2513
-2784 4730
-1842 -4398
-2074 -2688
3419 1513
3309 2160
3887 4165
597 1784
-3887 -425
197 4732
716 1710
3647 -381
-4281 2418
-3551 535
4162 -4862
-1953 -2544
4868 2284
-1942 1162
1424 985
4554 -157
-1424 3941
-1919 -2538
3106 3679
-1747 -557
-4972 -4953
-2769 4754
-333 -2049
2172 2195
4565 1333
3412 -1310
3789 3280
-2948 -2075
520 3477
4989 1152
-1681 -1435
93 1400
1027 -723
1157 273
-426 -4512
-4205 682
-4464 -895
435 1282
2056 -2394
-445 2699
-4983 -2033
-3612 3806
-3754 -1559
-3269 2845
-3083 -3281
284 -4832
-1207 -3689
-555 4951
2663 -4903
-4562 4537
779 -4026
-1358 -2707
3335 -3224
978 -2110
4476 996
857 -3058
-199 3182
383 2611
2105 3379
4331 -3899
772 693
-3731 4566
3083 714
4516 1825
1891 4954
1361 -2331
-2993 -3919
1041 -4659
-690 -1588
3015 -3755
354 -1106
4427 -3184
-3495 1532
-4806 -3086
3712 2046
2607 4982
1611 1769
1774 1126
-1407 -1336
2158 4954
2413 -4757
-2886 -1547
-3336 -28
1551 974
3384 -435
2220 -1263
4539 2725
1632 -3957
335 2906
-964 -953
-49 -3358
107 -3439
3411 -2041
3766 -1918
2703 923
-885 1194
2246 1229
4647 3910
-3800 2277
-117 -4338
-2080 -1819
478 -2542
-3015 -2890
-420 2320
-4985 3616
-3634 -34
-3663 1473
1527 -4174
-4489 1371
-1091 3214
-2707 3024
-593 4539
-748 132
4527 1531
-2592 -590
3272 329
3670 -1251
2787 -4346
1938 -1554
2975 1953
-2939 -4581
-2003 -1602
2972 -4398
-775 3483
1973 4213
1696 -4655
2236 -3898
4884 -2434
1234 4411
4097 4722
-101 3447
50 -353
-2805 -1085
1381 4134
2361 -645
2165 -4499
853 -4838
-22 -1176
-3157 4203
-2694 3817
3415 4002
-3818 -4877
4295 3496
-4388 4470
3217 511
2916 -655
-3763 -3810
4339 2618
-3598 1700
-1949 3567
4808 -1743
-2272 -3349
-1461 34
-3454 -3047
115 -3214
4762 2376
-3091 4056
871 -2478
4605 -913
4112 3599
4511 -4652
4789 3850
4045 -2731
1628 -2905
-4164 -93
-4001 -3278
4243 -194
-548 -2219
-4082 998
814 2112
2784 575
-512 -4228
709 -4642
-627 313
525 -1516
-9 35
-88 858
-37 -1044
3128 -3410
2131 -4958
2576 3130
-3236 1819
-986 1217
4600 1011
-1707 1492
-1877 -2844
-2934 2611
-2072 2776
4048 3380
-833 -428
-3137 4158
-4314 2854
16 1728
-3190 -1857
4398 3941
-1815 1973
3149 1028
-130 -1759
-2756 549
4252 1617
-2960 -2626
3773 -893
-3937 -2221
-2039 -4889
-3842 2128
-317 -900
1286 1448
-3046 -3699
-1824 -157
523 -2427
-138 4787
-4376 -911
2330 3059
-2878 2660
754 241
-4966 -474
-4574 -2824
-2713 4542
-3406 3050
-1359 2880
576 1674
-4741 3752
-3484 1861
-2597 1378
1647 -893
-4534 -2540
-4320 3875
-3403 -1119
1535 2351
-4800 2648
-3124 -4373
4824 -4741
-4121 1687
-3761 600
645 1815
-2727 904
1646 -1210
-1157 4049
-766 -3287
-2050 -86
-3334 -453
4874 3201
-2023 -4926
1927 932
-3220 2830
2271 2952
-3981 3150
-361 -2742
-1251 -4717
-4849 2102
2267 1797
-4109 -3891
1925 -2863
-2322 -3842
-71 628
2152 2675
-3747 3104
1954 -770
4257 -1119
-4838 -3964
-3290 2433
3989 -1192
1661 -294
1066 -3511
1068 1217
3591 -587
-907 4482
1602 -3983
-2303 4280
-1746 3706
986 -4595
1380 2239
3510 -588
3293 -1211
4882 -3919
-2700 4949
-111 3961
733 -2967
-4551 -2121
4330 -4882
2293 -1578
-4322 -27
-1840 -4763
4178 -4382
3555 3766
30 -2819
2049 2491
1562 4349
3518 -3549
4389 329
-437 -4084
3209 -1108
-3965 501
2314 -3287
-4527 -2169
1168 804
-3397 4328
-3976 1753
3935 3234
-3465 2062
1804 3097
1411 1400
-4374 1878
-3271 190
2794 4938
4082 4908
1517 1396
-3379 3069
-4695 3868
-1128 -3092
4275 -4009
-1233 -4702
3823 -609
2432 3836
-2375 3967
898 -4493
3143 -1613
1907 3769
-4736 3636
-1042 4137
4652 -1960
-4486 -3256
-764 -4181
-4389 3108
-4823 1495
-4816 -4921
-3035 3695
3915 -410
2662 -188
1176 804
3199 -1918
651 3463
-2203 4610
2600 -2552
-1272 2723
4696 321
4467 -1069
1140 -3844
-1882 4947
-3958 -626
2521 -2695
-547 4486
154 4740
3180 -3671
1622 2458
490 -2727
920 3287
-3186 2768
-1601 -3491
-1912 -2135
1519 4228
101 4637
-4747 1143
-989 2774
3338 -4475
-2090 -1509
-3656 -3910
899 4045
3548 -3612
-3683 546
-4246 357
-3777 -1353
-1876 -378
1235 1212
3567 -2247
-2610 1772
-4112 2480
624 -4586
2022 40
-2982 4933
3531 -559
-2899 508
-1514 -3273
1896 882
3352 3729
-1546 442
276 4689
-3346 -79
-2558 4252
4667 911
1023 -4446
-531 -2275
-2953 -3510
2765 144
-2499 2374
4586 -398
-2119 -1929
2408 -4145
3953 760
-4337 -3730
334 -883
1713 -3312
-1194 4446
1609 2327
3697 1275
-684 798
2908 3785
4602 4955
-4726 2366
1178 -1145
818 763
3457 3699
4913 1944
-4368 4944
-2297 -3705
-3786 4116
413 4006
-4196 -4703
3451 3492
2624 3226
846 -1982
102 -1247
-3198 -297
-213 -1845
-1853 -4036
2010 3965
2806 1546
-1511 4374
2661 1192
-4331 4954
307 2161
3959 2190
2458 3488
682 1160
2792 -3473
1359 -2942
2596 -3855
1292 -4258
-1812 -1698
4707 -4007
-4074 3448
3711 494
3901 2451
-2236 4570
2404 4150
2809 2442
1340 266
929 -1900
-2496 -1279
706 -2240
897 289
-711 -2812
1031 2477
1569 1817
4550 2495
-933 243
2868 1831
891 272
981 -1301
-2287 -1601
-4957 4721
1499 -1374
-480 -1717
2465 -2787
347 -1639
3581 4636
550 690
3192 -2882
-2494 3820
-4308 3850
4237 -241
171 2105
-3410 -2859
-1545 3650
840 2247
-1873 1963
3046 -4296
-4412 -2434
-1013 3054
858 4334
-2507 517
-4952 3043
-3794 4319
-4839 -1287
4217 -3068
1691 4891
1636 4360
-2969 -4910
4088 3951
3416 -2786
-2082 2580
-4894 2984
1712 2043
3397 4206
-2441 3445
2248 -1235
3842 3488
3557 4137
-4581 -1724
3668 3190
-1833 304
3628 198
1473 2716
-852 -111
4930 -3861
-3650 -1073
3720 -2465
-3090 431
4578 -4694
-364 -2864
901 4750
-3550 537
4965 -2051
3813 3633
-3862 -1942
15 4766
4336 -2434
3560 -1517
3534 4569
702 4884
-2582 2563
-4070 -1926
2870 567
210 3778
3530 -2810
4607 -3942
2727 4571
-993 2618
4282 1224
-4324 -704
2069 -4989
1863 1707
-427 396
1275 -4726
774 4856
-2070 2360
-1650 4219
2216 -2042
-3592 1822
-984 -4787
2472 4103
3911 1753
1405 -4335
-2872 -448
-3245 -4931
-3741 2407
3761 -2098
4462 -466
-1163 3952
-2683 2846
1311 667
3625 -4370
-3078 4978
-2178 -4168
-1221 -669
-4995 1117
-3262 1550
-271 -4502
-4470 -810
1111 446
-780 3429
-630 -4470
-905 -2487
1215 -2280
-1857 3721
1440 65
4777 -4660
1977 2585
-4355 4553
3601 -576
-1116 3606
-3381 622
2199 1765
-4462 -1691
-1711 -241
-2184 2660
1368 1912
-4290 -606
-2619 3229
-4463 -1764
3569 2514
-4179 4214
2067 -4500
-283 -4050
4106 1336
2651 1419
-1237 928
-738 381
-4685 2551
-4861 -1868
-3878 2540
-2674 -3168
-3067 786
-3861 -1450
4023 -4214
-3922 4209
-3578 795
-1790 4967
3025 1973
894 -1635
-4084 -1429
-4580 3284
-2764 -3458
824 -438
-4653 592
-2615 -4552
1378 -472
-3630 2456
-1264 -2208
-670 1053
1019 -1498
591 -2008
2947 4024
4202 3863
-1327 -4300
3225 1988
-2758 -952
-2372 1695
-1037 -945
-2714 1348
-497 4743
2198 1770
4745 -2394
-3776 3841
4804 1816
-3168 3829
1918 -2888
3770 -4410
-2188 1994
3658 1133
-1094 1084
340 1192
-1490 4844
2013 465
1796 -789
-2766 2619
2896 1135
-1080 4121
-25 -198
936 2887
-1370 -1068
-3923 -2601
601 -31
4393 -742
-3899 -3487
544 8
2597 -4117
-2722 -3893
-3195 -4630
1572 3601
660 4885
1220 -1445
-2325 -2928
-59 4690
-3963 3571
-1379 -2885
-4031 4223
2084 -4639
-441 4264
-2046 -4898
350 -4450
-2935 3708
-3343 -1130
4078 4308
-2529 -263
4192 3691
3292 1289
4909 -2954
3362 -151
-3265 4399
-502 357
-2408 1546
658 -4246
2986 -4784
-3602 2526
-3510 -1537
1233 -774
2333 1389
-1466 4804
-2796 -2275
4573 -3425
-4907 -4441
408 356
3932 -4016
-3209 -2397
2530 3528
-1643 516
3745 -546
1455 -3779
-1941 4024
-316 4292
-1750 -2984
1760 1784
-2101 3964
-4413 -1450
-890 -841
-4787 -4404
-4406 -4776
-3419 -2615
-2173 -4811
-3008 2263
705 -3185
-2204 -1761
-1964 855
-2738 2720
1225 512
-4186 -2016
-2705 -208
-1973 -1038
-358 -1469
3804 935
-873 -4524
1159 1787
-1060 -4936
3056 932
3406 -1240
2747 -3799
3078 -4218
3135 -4660
4581 -640
1931 -3526
2344 -4695
1266 -4630
-733 687
4218 -103
922 -576
373 -1841
-1777 -4656
245 -3371
184 -930
932 -2956
-320 512
1404 -3389
1986 -174
-3084 -669
1276 2262
2249 -4686
2266 -1829
-262 -2362
